{
  "nbformat": 4,
  "nbformat_minor": 0,
  "metadata": {
    "colab": {
      "provenance": [],
      "include_colab_link": true
    },
    "kernelspec": {
      "name": "python3",
      "display_name": "Python 3"
    },
    "language_info": {
      "name": "python"
    }
  },
  "cells": [
    {
      "cell_type": "markdown",
      "metadata": {
        "id": "view-in-github",
        "colab_type": "text"
      },
      "source": [
        "<a href=\"https://colab.research.google.com/github/jisusP/Articulo/blob/main/Distancia_Euclidiana.ipynb\" target=\"_parent\"><img src=\"https://colab.research.google.com/assets/colab-badge.svg\" alt=\"Open In Colab\"/></a>"
      ]
    },
    {
      "cell_type": "code",
      "execution_count": 1,
      "metadata": {
        "colab": {
          "base_uri": "https://localhost:8080/"
        },
        "id": "vCbgoAW5RPa_",
        "outputId": "252ed4a1-8a2b-4391-9025-187e95b76101"
      },
      "outputs": [
        {
          "output_type": "stream",
          "name": "stdout",
          "text": [
            "Looking in indexes: https://pypi.org/simple, https://us-python.pkg.dev/colab-wheels/public/simple/\n",
            "Requirement already satisfied: numpy in /usr/local/lib/python3.9/dist-packages (1.22.4)\n",
            "Looking in indexes: https://pypi.org/simple, https://us-python.pkg.dev/colab-wheels/public/simple/\n",
            "Collecting rdkit\n",
            "  Downloading rdkit-2022.9.5-cp39-cp39-manylinux_2_17_x86_64.manylinux2014_x86_64.whl (29.4 MB)\n",
            "\u001b[2K     \u001b[90m━━━━━━━━━━━━━━━━━━━━━━━━━━━━━━━━━━━━━━━━\u001b[0m \u001b[32m29.4/29.4 MB\u001b[0m \u001b[31m16.1 MB/s\u001b[0m eta \u001b[36m0:00:00\u001b[0m\n",
            "\u001b[?25hRequirement already satisfied: Pillow in /usr/local/lib/python3.9/dist-packages (from rdkit) (8.4.0)\n",
            "Requirement already satisfied: numpy in /usr/local/lib/python3.9/dist-packages (from rdkit) (1.22.4)\n",
            "Installing collected packages: rdkit\n",
            "Successfully installed rdkit-2022.9.5\n",
            "Looking in indexes: https://pypi.org/simple, https://us-python.pkg.dev/colab-wheels/public/simple/\n",
            "Requirement already satisfied: scipy in /usr/local/lib/python3.9/dist-packages (1.10.1)\n",
            "Requirement already satisfied: numpy<1.27.0,>=1.19.5 in /usr/local/lib/python3.9/dist-packages (from scipy) (1.22.4)\n"
          ]
        }
      ],
      "source": [
        "!pip install numpy \n",
        "!pip install rdkit \n",
        "!pip install scipy"
      ]
    },
    {
      "cell_type": "code",
      "source": [
        "import numpy as np\n",
        "from rdkit import Chem\n",
        "from rdkit.Chem import AllChem\n",
        "from scipy.spatial.distance import pdist, squareform\n",
        "import plotly.figure_factory as ff"
      ],
      "metadata": {
        "id": "nVfKTN8cSEfY"
      },
      "execution_count": 2,
      "outputs": []
    },
    {
      "cell_type": "code",
      "source": [
        "mols = [\n",
        "    Chem.MolFromSmiles(\"CCC1=CC=C2N=C(C=CC2=C1)C1=NC=CC=C1\"), \n",
        "    Chem.MolFromSmiles(\"ClC1=CC=C2N=C(C=CC2=C1)C1=CN=CC=C1\"),\n",
        "    Chem.MolFromSmiles(\"FC1=CC=C2N=C(C=CC2=C1)C1=CN=CC=C1\"),\n",
        "    Chem.MolFromSmiles(\"C1=CC=C2N=C(C=CC2=C1)C1=CC=NC=C1\"),\n",
        "    Chem.MolFromSmiles(\"CC1=CC=C2N=C(C=CC2=C1)C1=CC=NC=C1\"),\n",
        "    Chem.MolFromSmiles(\"ClC1=CC=C2N=C(C=CC2=C1)C1=CC=NC=C1\"),\n",
        "    Chem.MolFromSmiles(\"ClC1=C2N=C(C=CC2=CC=C1)C1=CC=NC=C1\"),\n",
        "    Chem.MolFromSmiles(\"FC1=CC=C2N=C(\\\\C=C\\\\C3=NC=CC=C3)C=CC2=C1\"),\n",
        "    Chem.MolFromSmiles(\"C(=C/C1=NC2=CC=CC=C2C=C1)\\\\C1=CN=CC=C1\"),\n",
        "    Chem.MolFromSmiles(\"ClC1=CC=C2N=C(\\\\C=C\\\\C3=CN=CC=C3)C=CC2=C1 \"),\n",
        "    Chem.MolFromSmiles(\"C(=C/C1=NC2=CC=CC=C2C=C1)\\\\C1=CC=NC=C1\"),\n",
        "    Chem.MolFromSmiles(\"ClC1=CC=C2N=C(\\C=C\\C3=CC=NC=C3)C=CC2=C1 \")\n",
        "]"
      ],
      "metadata": {
        "id": "lKkJMdYVR9z6"
      },
      "execution_count": 14,
      "outputs": []
    },
    {
      "cell_type": "code",
      "source": [
        "fps = [AllChem.GetMorganFingerprintAsBitVect(mol, 2, nBits=1024) for mol in mols]"
      ],
      "metadata": {
        "id": "rNoHD3RbSJrQ"
      },
      "execution_count": 15,
      "outputs": []
    },
    {
      "cell_type": "code",
      "source": [
        "distance_matrix = squareform(pdist(fps, 'euclidean'))\n",
        "distance_matrix"
      ],
      "metadata": {
        "id": "r-HKR08USN1I",
        "colab": {
          "base_uri": "https://localhost:8080/"
        },
        "outputId": "cb9cb320-4a66-4170-8ecb-aeb9ad1d6c52"
      },
      "execution_count": 16,
      "outputs": [
        {
          "output_type": "execute_result",
          "data": {
            "text/plain": [
              "array([[0.        , 5.65685425, 5.65685425, 5.29150262, 5.29150262,\n",
              "        5.47722558, 6.32455532, 5.47722558, 6.40312424, 6.4807407 ,\n",
              "        6.164414  , 6.32455532],\n",
              "       [5.65685425, 0.        , 3.46410162, 4.89897949, 4.89897949,\n",
              "        3.46410162, 5.29150262, 6.164414  , 5.74456265, 4.47213595,\n",
              "        6.164414  , 5.09901951],\n",
              "       [5.65685425, 3.46410162, 0.        , 4.89897949, 4.89897949,\n",
              "        4.89897949, 5.65685425, 5.09901951, 5.74456265, 5.65685425,\n",
              "        6.164414  , 6.164414  ],\n",
              "       [5.29150262, 4.89897949, 4.89897949, 0.        , 3.74165739,\n",
              "        3.74165739, 4.        , 5.83095189, 5.        , 6.164414  ,\n",
              "        4.24264069, 5.65685425],\n",
              "       [5.29150262, 4.89897949, 4.89897949, 3.74165739, 0.        ,\n",
              "        3.46410162, 4.89897949, 6.        , 6.244998  , 6.164414  ,\n",
              "        5.65685425, 5.47722558],\n",
              "       [5.47722558, 3.46410162, 4.89897949, 3.74165739, 3.46410162,\n",
              "        0.        , 4.47213595, 6.        , 6.244998  , 5.09901951,\n",
              "        5.65685425, 4.24264069],\n",
              "       [6.32455532, 5.29150262, 5.65685425, 4.        , 4.89897949,\n",
              "        4.47213595, 0.        , 6.63324958, 6.244998  , 6.4807407 ,\n",
              "        5.65685425, 6.        ],\n",
              "       [5.47722558, 6.164414  , 5.09901951, 5.83095189, 6.        ,\n",
              "        6.        , 6.63324958, 0.        , 5.19615242, 5.29150262,\n",
              "        4.89897949, 5.09901951],\n",
              "       [6.40312424, 5.74456265, 5.74456265, 5.        , 6.244998  ,\n",
              "        6.244998  , 6.244998  , 5.19615242, 0.        , 3.60555128,\n",
              "        3.31662479, 5.        ],\n",
              "       [6.4807407 , 4.47213595, 5.65685425, 6.164414  , 6.164414  ,\n",
              "        5.09901951, 6.4807407 , 5.29150262, 3.60555128, 0.        ,\n",
              "        4.89897949, 3.46410162],\n",
              "       [6.164414  , 6.164414  , 6.164414  , 4.24264069, 5.65685425,\n",
              "        5.65685425, 5.65685425, 4.89897949, 3.31662479, 4.89897949,\n",
              "        0.        , 3.74165739],\n",
              "       [6.32455532, 5.09901951, 6.164414  , 5.65685425, 5.47722558,\n",
              "        4.24264069, 6.        , 5.09901951, 5.        , 3.46410162,\n",
              "        3.74165739, 0.        ]])"
            ]
          },
          "metadata": {},
          "execution_count": 16
        }
      ]
    },
    {
      "cell_type": "code",
      "source": [
        "similarity_matrix = 1 / (1 + distance_matrix)\n",
        "print(similarity_matrix)"
      ],
      "metadata": {
        "colab": {
          "base_uri": "https://localhost:8080/"
        },
        "id": "1aXlaqDKSSbk",
        "outputId": "66b1a648-5ce6-4217-89e9-9d56fc9c6953"
      },
      "execution_count": 17,
      "outputs": [
        {
          "output_type": "stream",
          "name": "stdout",
          "text": [
            "[[1.         0.1502211  0.1502211  0.15894454 0.15894454 0.15438709\n",
            "  0.13652706 0.15438709 0.13507811 0.1336766  0.13957876 0.13652706]\n",
            " [0.1502211  1.         0.22400924 0.16952085 0.16952085 0.22400924\n",
            "  0.15894454 0.13957876 0.14826758 0.182744   0.13957876 0.16396078]\n",
            " [0.1502211  0.22400924 1.         0.16952085 0.16952085 0.16952085\n",
            "  0.1502211  0.16396078 0.14826758 0.1502211  0.13957876 0.13957876]\n",
            " [0.15894454 0.16952085 0.16952085 1.         0.21089672 0.21089672\n",
            "  0.2        0.14639248 0.16666667 0.13957876 0.19074357 0.1502211 ]\n",
            " [0.15894454 0.16952085 0.16952085 0.21089672 1.         0.22400924\n",
            "  0.16952085 0.14285714 0.13802626 0.13957876 0.1502211  0.15438709]\n",
            " [0.15438709 0.22400924 0.16952085 0.21089672 0.22400924 1.\n",
            "  0.182744   0.14285714 0.13802626 0.16396078 0.1502211  0.19074357]\n",
            " [0.13652706 0.15894454 0.1502211  0.2        0.16952085 0.182744\n",
            "  1.         0.1310058  0.13802626 0.1336766  0.1502211  0.14285714]\n",
            " [0.15438709 0.13957876 0.16396078 0.14639248 0.14285714 0.14285714\n",
            "  0.1310058  1.         0.16139048 0.15894454 0.16952085 0.16396078]\n",
            " [0.13507811 0.14826758 0.14826758 0.16666667 0.13802626 0.13802626\n",
            "  0.13802626 0.16139048 1.         0.21712927 0.23166248 0.16666667]\n",
            " [0.1336766  0.182744   0.1502211  0.13957876 0.13957876 0.16396078\n",
            "  0.1336766  0.15894454 0.21712927 1.         0.16952085 0.22400924]\n",
            " [0.13957876 0.13957876 0.13957876 0.19074357 0.1502211  0.1502211\n",
            "  0.1502211  0.16952085 0.23166248 0.16952085 1.         0.21089672]\n",
            " [0.13652706 0.16396078 0.13957876 0.1502211  0.15438709 0.19074357\n",
            "  0.14285714 0.16396078 0.16666667 0.22400924 0.21089672 1.        ]]\n"
          ]
        }
      ]
    },
    {
      "cell_type": "code",
      "source": [
        "\"Distancia\"\n",
        "lab = [\"6\",\"7\",\"8\",\"9\",\"10\",\"11\",\"12\",\"13\",\"14\",\"15\",\"16\",\"17\"]\n",
        "fig = ff.create_dendrogram(distance_matrix, labels= lab)\n",
        "fig.update_layout(width=800, height=500,  title = \"Dendrograma de la distancia euclidiana\", title_x=0.5)\n",
        "fig.show()"
      ],
      "metadata": {
        "colab": {
          "base_uri": "https://localhost:8080/",
          "height": 517
        },
        "id": "6NKHcsIEFpPk",
        "outputId": "9e84c2f3-26b4-40b7-eec5-963cf6304c19"
      },
      "execution_count": 23,
      "outputs": [
        {
          "output_type": "display_data",
          "data": {
            "text/html": [
              "<html>\n",
              "<head><meta charset=\"utf-8\" /></head>\n",
              "<body>\n",
              "    <div>            <script src=\"https://cdnjs.cloudflare.com/ajax/libs/mathjax/2.7.5/MathJax.js?config=TeX-AMS-MML_SVG\"></script><script type=\"text/javascript\">if (window.MathJax && window.MathJax.Hub && window.MathJax.Hub.Config) {window.MathJax.Hub.Config({SVG: {font: \"STIX-Web\"}});}</script>                <script type=\"text/javascript\">window.PlotlyConfig = {MathJaxConfig: 'local'};</script>\n",
              "        <script src=\"https://cdn.plot.ly/plotly-2.18.2.min.js\"></script>                <div id=\"b18f019a-0266-4883-9d8f-686f7ddc2db5\" class=\"plotly-graph-div\" style=\"height:500px; width:800px;\"></div>            <script type=\"text/javascript\">                                    window.PLOTLYENV=window.PLOTLYENV || {};                                    if (document.getElementById(\"b18f019a-0266-4883-9d8f-686f7ddc2db5\")) {                    Plotly.newPlot(                        \"b18f019a-0266-4883-9d8f-686f7ddc2db5\",                        [{\"hoverinfo\":\"text\",\"marker\":{\"color\":\"rgb(61,153,112)\"},\"mode\":\"lines\",\"x\":[15.0,15.0,25.0,25.0],\"xaxis\":\"x\",\"y\":[0.0,5.231210152296332,5.231210152296332,0.0],\"yaxis\":\"y\",\"type\":\"scatter\"},{\"hoverinfo\":\"text\",\"marker\":{\"color\":\"rgb(255,65,54)\"},\"mode\":\"lines\",\"x\":[35.0,35.0,45.0,45.0],\"xaxis\":\"x\",\"y\":[0.0,5.448877531826406,5.448877531826406,0.0],\"yaxis\":\"y\",\"type\":\"scatter\"},{\"hoverinfo\":\"text\",\"marker\":{\"color\":\"rgb(0,116,217)\"},\"mode\":\"lines\",\"x\":[20.0,20.0,40.0,40.0],\"xaxis\":\"x\",\"y\":[5.231210152296332,7.515109623969724,7.515109623969724,5.448877531826406],\"yaxis\":\"y\",\"type\":\"scatter\"},{\"hoverinfo\":\"text\",\"marker\":{\"color\":\"rgb(0,116,217)\"},\"mode\":\"lines\",\"x\":[5.0,5.0,30.0,30.0],\"xaxis\":\"x\",\"y\":[0.0,8.146057295975309,8.146057295975309,7.515109623969724],\"yaxis\":\"y\",\"type\":\"scatter\"},{\"hoverinfo\":\"text\",\"marker\":{\"color\":\"rgb(35,205,205)\"},\"mode\":\"lines\",\"x\":[65.0,65.0,75.0,75.0],\"xaxis\":\"x\",\"y\":[0.0,5.464983493841029,5.464983493841029,0.0],\"yaxis\":\"y\",\"type\":\"scatter\"},{\"hoverinfo\":\"text\",\"marker\":{\"color\":\"rgb(133,20,75)\"},\"mode\":\"lines\",\"x\":[105.0,105.0,115.0,115.0],\"xaxis\":\"x\",\"y\":[0.0,5.379110352221716,5.379110352221716,0.0],\"yaxis\":\"y\",\"type\":\"scatter\"},{\"hoverinfo\":\"text\",\"marker\":{\"color\":\"rgb(133,20,75)\"},\"mode\":\"lines\",\"x\":[95.0,95.0,110.0,110.0],\"xaxis\":\"x\",\"y\":[0.0,6.091549866866844,6.091549866866844,5.379110352221716],\"yaxis\":\"y\",\"type\":\"scatter\"},{\"hoverinfo\":\"text\",\"marker\":{\"color\":\"rgb(133,20,75)\"},\"mode\":\"lines\",\"x\":[85.0,85.0,102.5,102.5],\"xaxis\":\"x\",\"y\":[0.0,7.221898775450544,7.221898775450544,6.091549866866844],\"yaxis\":\"y\",\"type\":\"scatter\"},{\"hoverinfo\":\"text\",\"marker\":{\"color\":\"rgb(0,116,217)\"},\"mode\":\"lines\",\"x\":[70.0,70.0,93.75,93.75],\"xaxis\":\"x\",\"y\":[5.464983493841029,8.50548727963804,8.50548727963804,7.221898775450544],\"yaxis\":\"y\",\"type\":\"scatter\"},{\"hoverinfo\":\"text\",\"marker\":{\"color\":\"rgb(0,116,217)\"},\"mode\":\"lines\",\"x\":[55.0,55.0,81.875,81.875],\"xaxis\":\"x\",\"y\":[0.0,9.20272181803278,9.20272181803278,8.50548727963804],\"yaxis\":\"y\",\"type\":\"scatter\"},{\"hoverinfo\":\"text\",\"marker\":{\"color\":\"rgb(0,116,217)\"},\"mode\":\"lines\",\"x\":[17.5,17.5,68.4375,68.4375],\"xaxis\":\"x\",\"y\":[8.146057295975309,10.35117721700571,10.35117721700571,9.20272181803278],\"yaxis\":\"y\",\"type\":\"scatter\"}],                        {\"autosize\":false,\"height\":500,\"hovermode\":\"closest\",\"showlegend\":false,\"width\":800,\"xaxis\":{\"mirror\":\"allticks\",\"rangemode\":\"tozero\",\"showgrid\":false,\"showline\":true,\"showticklabels\":true,\"tickmode\":\"array\",\"ticks\":\"outside\",\"ticktext\":[\"13\",\"14\",\"16\",\"15\",\"17\",\"6\",\"7\",\"8\",\"12\",\"9\",\"10\",\"11\"],\"tickvals\":[5.0,15.0,25.0,35.0,45.0,55.0,65.0,75.0,85.0,95.0,105.0,115.0],\"type\":\"linear\",\"zeroline\":false},\"yaxis\":{\"mirror\":\"allticks\",\"rangemode\":\"tozero\",\"showgrid\":false,\"showline\":true,\"showticklabels\":true,\"ticks\":\"outside\",\"type\":\"linear\",\"zeroline\":false},\"template\":{\"data\":{\"histogram2dcontour\":[{\"type\":\"histogram2dcontour\",\"colorbar\":{\"outlinewidth\":0,\"ticks\":\"\"},\"colorscale\":[[0.0,\"#0d0887\"],[0.1111111111111111,\"#46039f\"],[0.2222222222222222,\"#7201a8\"],[0.3333333333333333,\"#9c179e\"],[0.4444444444444444,\"#bd3786\"],[0.5555555555555556,\"#d8576b\"],[0.6666666666666666,\"#ed7953\"],[0.7777777777777778,\"#fb9f3a\"],[0.8888888888888888,\"#fdca26\"],[1.0,\"#f0f921\"]]}],\"choropleth\":[{\"type\":\"choropleth\",\"colorbar\":{\"outlinewidth\":0,\"ticks\":\"\"}}],\"histogram2d\":[{\"type\":\"histogram2d\",\"colorbar\":{\"outlinewidth\":0,\"ticks\":\"\"},\"colorscale\":[[0.0,\"#0d0887\"],[0.1111111111111111,\"#46039f\"],[0.2222222222222222,\"#7201a8\"],[0.3333333333333333,\"#9c179e\"],[0.4444444444444444,\"#bd3786\"],[0.5555555555555556,\"#d8576b\"],[0.6666666666666666,\"#ed7953\"],[0.7777777777777778,\"#fb9f3a\"],[0.8888888888888888,\"#fdca26\"],[1.0,\"#f0f921\"]]}],\"heatmap\":[{\"type\":\"heatmap\",\"colorbar\":{\"outlinewidth\":0,\"ticks\":\"\"},\"colorscale\":[[0.0,\"#0d0887\"],[0.1111111111111111,\"#46039f\"],[0.2222222222222222,\"#7201a8\"],[0.3333333333333333,\"#9c179e\"],[0.4444444444444444,\"#bd3786\"],[0.5555555555555556,\"#d8576b\"],[0.6666666666666666,\"#ed7953\"],[0.7777777777777778,\"#fb9f3a\"],[0.8888888888888888,\"#fdca26\"],[1.0,\"#f0f921\"]]}],\"heatmapgl\":[{\"type\":\"heatmapgl\",\"colorbar\":{\"outlinewidth\":0,\"ticks\":\"\"},\"colorscale\":[[0.0,\"#0d0887\"],[0.1111111111111111,\"#46039f\"],[0.2222222222222222,\"#7201a8\"],[0.3333333333333333,\"#9c179e\"],[0.4444444444444444,\"#bd3786\"],[0.5555555555555556,\"#d8576b\"],[0.6666666666666666,\"#ed7953\"],[0.7777777777777778,\"#fb9f3a\"],[0.8888888888888888,\"#fdca26\"],[1.0,\"#f0f921\"]]}],\"contourcarpet\":[{\"type\":\"contourcarpet\",\"colorbar\":{\"outlinewidth\":0,\"ticks\":\"\"}}],\"contour\":[{\"type\":\"contour\",\"colorbar\":{\"outlinewidth\":0,\"ticks\":\"\"},\"colorscale\":[[0.0,\"#0d0887\"],[0.1111111111111111,\"#46039f\"],[0.2222222222222222,\"#7201a8\"],[0.3333333333333333,\"#9c179e\"],[0.4444444444444444,\"#bd3786\"],[0.5555555555555556,\"#d8576b\"],[0.6666666666666666,\"#ed7953\"],[0.7777777777777778,\"#fb9f3a\"],[0.8888888888888888,\"#fdca26\"],[1.0,\"#f0f921\"]]}],\"surface\":[{\"type\":\"surface\",\"colorbar\":{\"outlinewidth\":0,\"ticks\":\"\"},\"colorscale\":[[0.0,\"#0d0887\"],[0.1111111111111111,\"#46039f\"],[0.2222222222222222,\"#7201a8\"],[0.3333333333333333,\"#9c179e\"],[0.4444444444444444,\"#bd3786\"],[0.5555555555555556,\"#d8576b\"],[0.6666666666666666,\"#ed7953\"],[0.7777777777777778,\"#fb9f3a\"],[0.8888888888888888,\"#fdca26\"],[1.0,\"#f0f921\"]]}],\"mesh3d\":[{\"type\":\"mesh3d\",\"colorbar\":{\"outlinewidth\":0,\"ticks\":\"\"}}],\"scatter\":[{\"fillpattern\":{\"fillmode\":\"overlay\",\"size\":10,\"solidity\":0.2},\"type\":\"scatter\"}],\"parcoords\":[{\"type\":\"parcoords\",\"line\":{\"colorbar\":{\"outlinewidth\":0,\"ticks\":\"\"}}}],\"scatterpolargl\":[{\"type\":\"scatterpolargl\",\"marker\":{\"colorbar\":{\"outlinewidth\":0,\"ticks\":\"\"}}}],\"bar\":[{\"error_x\":{\"color\":\"#2a3f5f\"},\"error_y\":{\"color\":\"#2a3f5f\"},\"marker\":{\"line\":{\"color\":\"#E5ECF6\",\"width\":0.5},\"pattern\":{\"fillmode\":\"overlay\",\"size\":10,\"solidity\":0.2}},\"type\":\"bar\"}],\"scattergeo\":[{\"type\":\"scattergeo\",\"marker\":{\"colorbar\":{\"outlinewidth\":0,\"ticks\":\"\"}}}],\"scatterpolar\":[{\"type\":\"scatterpolar\",\"marker\":{\"colorbar\":{\"outlinewidth\":0,\"ticks\":\"\"}}}],\"histogram\":[{\"marker\":{\"pattern\":{\"fillmode\":\"overlay\",\"size\":10,\"solidity\":0.2}},\"type\":\"histogram\"}],\"scattergl\":[{\"type\":\"scattergl\",\"marker\":{\"colorbar\":{\"outlinewidth\":0,\"ticks\":\"\"}}}],\"scatter3d\":[{\"type\":\"scatter3d\",\"line\":{\"colorbar\":{\"outlinewidth\":0,\"ticks\":\"\"}},\"marker\":{\"colorbar\":{\"outlinewidth\":0,\"ticks\":\"\"}}}],\"scattermapbox\":[{\"type\":\"scattermapbox\",\"marker\":{\"colorbar\":{\"outlinewidth\":0,\"ticks\":\"\"}}}],\"scatterternary\":[{\"type\":\"scatterternary\",\"marker\":{\"colorbar\":{\"outlinewidth\":0,\"ticks\":\"\"}}}],\"scattercarpet\":[{\"type\":\"scattercarpet\",\"marker\":{\"colorbar\":{\"outlinewidth\":0,\"ticks\":\"\"}}}],\"carpet\":[{\"aaxis\":{\"endlinecolor\":\"#2a3f5f\",\"gridcolor\":\"white\",\"linecolor\":\"white\",\"minorgridcolor\":\"white\",\"startlinecolor\":\"#2a3f5f\"},\"baxis\":{\"endlinecolor\":\"#2a3f5f\",\"gridcolor\":\"white\",\"linecolor\":\"white\",\"minorgridcolor\":\"white\",\"startlinecolor\":\"#2a3f5f\"},\"type\":\"carpet\"}],\"table\":[{\"cells\":{\"fill\":{\"color\":\"#EBF0F8\"},\"line\":{\"color\":\"white\"}},\"header\":{\"fill\":{\"color\":\"#C8D4E3\"},\"line\":{\"color\":\"white\"}},\"type\":\"table\"}],\"barpolar\":[{\"marker\":{\"line\":{\"color\":\"#E5ECF6\",\"width\":0.5},\"pattern\":{\"fillmode\":\"overlay\",\"size\":10,\"solidity\":0.2}},\"type\":\"barpolar\"}],\"pie\":[{\"automargin\":true,\"type\":\"pie\"}]},\"layout\":{\"autotypenumbers\":\"strict\",\"colorway\":[\"#636efa\",\"#EF553B\",\"#00cc96\",\"#ab63fa\",\"#FFA15A\",\"#19d3f3\",\"#FF6692\",\"#B6E880\",\"#FF97FF\",\"#FECB52\"],\"font\":{\"color\":\"#2a3f5f\"},\"hovermode\":\"closest\",\"hoverlabel\":{\"align\":\"left\"},\"paper_bgcolor\":\"white\",\"plot_bgcolor\":\"#E5ECF6\",\"polar\":{\"bgcolor\":\"#E5ECF6\",\"angularaxis\":{\"gridcolor\":\"white\",\"linecolor\":\"white\",\"ticks\":\"\"},\"radialaxis\":{\"gridcolor\":\"white\",\"linecolor\":\"white\",\"ticks\":\"\"}},\"ternary\":{\"bgcolor\":\"#E5ECF6\",\"aaxis\":{\"gridcolor\":\"white\",\"linecolor\":\"white\",\"ticks\":\"\"},\"baxis\":{\"gridcolor\":\"white\",\"linecolor\":\"white\",\"ticks\":\"\"},\"caxis\":{\"gridcolor\":\"white\",\"linecolor\":\"white\",\"ticks\":\"\"}},\"coloraxis\":{\"colorbar\":{\"outlinewidth\":0,\"ticks\":\"\"}},\"colorscale\":{\"sequential\":[[0.0,\"#0d0887\"],[0.1111111111111111,\"#46039f\"],[0.2222222222222222,\"#7201a8\"],[0.3333333333333333,\"#9c179e\"],[0.4444444444444444,\"#bd3786\"],[0.5555555555555556,\"#d8576b\"],[0.6666666666666666,\"#ed7953\"],[0.7777777777777778,\"#fb9f3a\"],[0.8888888888888888,\"#fdca26\"],[1.0,\"#f0f921\"]],\"sequentialminus\":[[0.0,\"#0d0887\"],[0.1111111111111111,\"#46039f\"],[0.2222222222222222,\"#7201a8\"],[0.3333333333333333,\"#9c179e\"],[0.4444444444444444,\"#bd3786\"],[0.5555555555555556,\"#d8576b\"],[0.6666666666666666,\"#ed7953\"],[0.7777777777777778,\"#fb9f3a\"],[0.8888888888888888,\"#fdca26\"],[1.0,\"#f0f921\"]],\"diverging\":[[0,\"#8e0152\"],[0.1,\"#c51b7d\"],[0.2,\"#de77ae\"],[0.3,\"#f1b6da\"],[0.4,\"#fde0ef\"],[0.5,\"#f7f7f7\"],[0.6,\"#e6f5d0\"],[0.7,\"#b8e186\"],[0.8,\"#7fbc41\"],[0.9,\"#4d9221\"],[1,\"#276419\"]]},\"xaxis\":{\"gridcolor\":\"white\",\"linecolor\":\"white\",\"ticks\":\"\",\"title\":{\"standoff\":15},\"zerolinecolor\":\"white\",\"automargin\":true,\"zerolinewidth\":2},\"yaxis\":{\"gridcolor\":\"white\",\"linecolor\":\"white\",\"ticks\":\"\",\"title\":{\"standoff\":15},\"zerolinecolor\":\"white\",\"automargin\":true,\"zerolinewidth\":2},\"scene\":{\"xaxis\":{\"backgroundcolor\":\"#E5ECF6\",\"gridcolor\":\"white\",\"linecolor\":\"white\",\"showbackground\":true,\"ticks\":\"\",\"zerolinecolor\":\"white\",\"gridwidth\":2},\"yaxis\":{\"backgroundcolor\":\"#E5ECF6\",\"gridcolor\":\"white\",\"linecolor\":\"white\",\"showbackground\":true,\"ticks\":\"\",\"zerolinecolor\":\"white\",\"gridwidth\":2},\"zaxis\":{\"backgroundcolor\":\"#E5ECF6\",\"gridcolor\":\"white\",\"linecolor\":\"white\",\"showbackground\":true,\"ticks\":\"\",\"zerolinecolor\":\"white\",\"gridwidth\":2}},\"shapedefaults\":{\"line\":{\"color\":\"#2a3f5f\"}},\"annotationdefaults\":{\"arrowcolor\":\"#2a3f5f\",\"arrowhead\":0,\"arrowwidth\":1},\"geo\":{\"bgcolor\":\"white\",\"landcolor\":\"#E5ECF6\",\"subunitcolor\":\"white\",\"showland\":true,\"showlakes\":true,\"lakecolor\":\"white\"},\"title\":{\"x\":0.05},\"mapbox\":{\"style\":\"light\"}}},\"title\":{\"text\":\"Dendrograma de la distancia euclidiana\",\"x\":0.5}},                        {\"responsive\": true}                    ).then(function(){\n",
              "                            \n",
              "var gd = document.getElementById('b18f019a-0266-4883-9d8f-686f7ddc2db5');\n",
              "var x = new MutationObserver(function (mutations, observer) {{\n",
              "        var display = window.getComputedStyle(gd).display;\n",
              "        if (!display || display === 'none') {{\n",
              "            console.log([gd, 'removed!']);\n",
              "            Plotly.purge(gd);\n",
              "            observer.disconnect();\n",
              "        }}\n",
              "}});\n",
              "\n",
              "// Listen for the removal of the full notebook cells\n",
              "var notebookContainer = gd.closest('#notebook-container');\n",
              "if (notebookContainer) {{\n",
              "    x.observe(notebookContainer, {childList: true});\n",
              "}}\n",
              "\n",
              "// Listen for the clearing of the current output cell\n",
              "var outputEl = gd.closest('.output');\n",
              "if (outputEl) {{\n",
              "    x.observe(outputEl, {childList: true});\n",
              "}}\n",
              "\n",
              "                        })                };                            </script>        </div>\n",
              "</body>\n",
              "</html>"
            ]
          },
          "metadata": {}
        }
      ]
    },
    {
      "cell_type": "code",
      "source": [
        "\"2da forma\"\n",
        "import scipy.cluster.hierarchy as shc\n",
        "import matplotlib.pyplot as plt\n",
        "plt.figure(figsize=(10,5))\n",
        "plt.title(\"#2 Dendrograma de la distancia euclidiana\")\n",
        "d = shc.dendrogram(shc.linkage(distance_matrix, method = \"ward\"), labels = lab)"
      ],
      "metadata": {
        "colab": {
          "base_uri": "https://localhost:8080/",
          "height": 541
        },
        "id": "mZC2MAlZGVpl",
        "outputId": "eff164c7-c2aa-4332-d81a-857ee2f406d1"
      },
      "execution_count": 25,
      "outputs": [
        {
          "output_type": "stream",
          "name": "stderr",
          "text": [
            "<ipython-input-25-dd3825ada509>:6: ClusterWarning:\n",
            "\n",
            "scipy.cluster: The symmetric non-negative hollow observation matrix looks suspiciously like an uncondensed distance matrix\n",
            "\n"
          ]
        },
        {
          "output_type": "display_data",
          "data": {
            "text/plain": [
              "<Figure size 1000x500 with 1 Axes>"
            ],
