{
  "nbformat": 4,
  "nbformat_minor": 0,
  "metadata": {
    "colab": {
      "provenance": [],
      "include_colab_link": true
    },
    "kernelspec": {
      "name": "python3",
      "display_name": "Python 3"
    },
    "language_info": {
      "name": "python"
    }
  },
  "cells": [
    {
      "cell_type": "markdown",
      "metadata": {
        "id": "view-in-github",
        "colab_type": "text"
      },
      "source": [
        "<a href=\"https://colab.research.google.com/github/jisusP/Articulo/blob/main/Fukui.ipynb\" target=\"_parent\"><img src=\"https://colab.research.google.com/assets/colab-badge.svg\" alt=\"Open In Colab\"/></a>"
      ]
    },
    {
      "cell_type": "code",
      "execution_count": 1,
      "metadata": {
        "colab": {
          "base_uri": "https://localhost:8080/"
        },
        "id": "KxP7rxY02EsO",
        "outputId": "57cb1a69-1b48-4724-9933-b24e518ac13f"
      },
      "outputs": [
        {
          "output_type": "stream",
          "name": "stdout",
          "text": [
            "Looking in indexes: https://pypi.org/simple, https://us-python.pkg.dev/colab-wheels/public/simple/\n",
            "Requirement already satisfied: pandas in /usr/local/lib/python3.10/dist-packages (1.5.3)\n",
            "Requirement already satisfied: numpy in /usr/local/lib/python3.10/dist-packages (1.22.4)\n",
            "Requirement already satisfied: scipy in /usr/local/lib/python3.10/dist-packages (1.10.1)\n",
            "Requirement already satisfied: xlrd in /usr/local/lib/python3.10/dist-packages (2.0.1)\n",
            "\u001b[31mERROR: Could not find a version that satisfies the requirement plotly.figure_factor (from versions: none)\u001b[0m\u001b[31m\n",
            "\u001b[0m\u001b[31mERROR: No matching distribution found for plotly.figure_factor\u001b[0m\u001b[31m\n",
            "\u001b[0m"
          ]
        }
      ],
      "source": [
        "!pip install pandas numpy scipy xlrd plotly.figure_factor"
      ]
    },
    {
      "cell_type": "code",
      "source": [
        "import pandas as pd\n",
        "import numpy as np\n",
        "from scipy.spatial.distance import pdist, squareform\n",
        "import plotly.figure_factory as ff"
      ],
      "metadata": {
        "id": "_s-L1ZBM2TYH"
      },
      "execution_count": 8,
      "outputs": []
    },
    {
      "cell_type": "code",
      "source": [
        "df = pd.read_excel('IP_Fukui.xlsx', index_col=0)"
      ],
      "metadata": {
        "id": "34D6QnBt2W7p"
      },
      "execution_count": 3,
      "outputs": []
    },
    {
      "cell_type": "code",
      "source": [
        "dist_matrix = pdist(df, metric='euclidean')"
      ],
      "metadata": {
        "id": "yEIOrF8j2fSl"
      },
      "execution_count": 4,
      "outputs": []
    },
    {
      "cell_type": "code",
      "source": [
        "sim_matrix = 1 / (1 + squareform(dist_matrix))"
      ],
      "metadata": {
        "id": "iPvMRDhm2ica"
      },
      "execution_count": 5,
      "outputs": []
    },
    {
      "cell_type": "code",
      "source": [
        "print(sim_matrix)"
      ],
      "metadata": {
        "colab": {
          "base_uri": "https://localhost:8080/"
        },
        "id": "o2M58noj2mtj",
        "outputId": "7b26f2bc-6765-44db-cf5d-26807d816f17"
      },
      "execution_count": null,
      "outputs": [
        {
          "output_type": "stream",
          "name": "stdout",
          "text": [
            "[[1.         0.98561009 0.98980501 0.98512462 0.99561928 0.98502758\n",
            "  0.98561009 0.98882626 0.98902186 0.99009901 0.99472794 0.99108028]\n",
            " [0.98561009 1.         0.99571841 0.99950025 0.98990299 0.99940036\n",
            "  1.         0.97475387 0.97494394 0.97599063 0.98048828 0.97694412]\n",
            " [0.98980501 0.99571841 1.         0.99522293 0.99413461 0.99512389\n",
            "  0.99571841 0.9788567  0.97904836 0.98010389 0.98463962 0.98106544]\n",
            " [0.98512462 0.99950025 0.99522293 1.         0.98941328 0.99990001\n",
            "  0.99950025 0.97427903 0.97446891 0.97551458 0.98000784 0.97646714]\n",
            " [0.99561928 0.98990299 0.99413461 0.98941328 1.         0.98931539\n",
            "  0.98990299 0.98454268 0.98473658 0.98580442 0.99039319 0.98677719]\n",
            " [0.98502758 0.99940036 0.99512389 0.99990001 0.98931539 1.\n",
            "  0.99940036 0.97418412 0.97437396 0.97541943 0.97991181 0.9763718 ]\n",
            " [0.98561009 1.         0.99571841 0.99950025 0.98990299 0.99940036\n",
            "  1.         0.97475387 0.97494394 0.97599063 0.98048828 0.97694412]\n",
            " [0.98882626 0.97475387 0.9788567  0.97427903 0.98454268 0.97418412\n",
            "  0.97475387 1.         0.99980004 0.99870169 0.99403579 0.99770528]\n",
            " [0.98902186 0.97494394 0.97904836 0.97446891 0.98473658 0.97437396\n",
            "  0.97494394 0.99980004 1.         0.99890121 0.99423345 0.9979044 ]\n",
            " [0.99009901 0.97599063 0.98010389 0.97551458 0.98580442 0.97541943\n",
            "  0.97599063 0.99870169 0.99890121 1.         0.99532199 0.999001  ]\n",
            " [0.99472794 0.98048828 0.98463962 0.98000784 0.99039319 0.97991181\n",
            "  0.98048828 0.99403579 0.99423345 0.99532199 1.         0.99631364]\n",
            " [0.99108028 0.97694412 0.98106544 0.97646714 0.98677719 0.9763718\n",
            "  0.97694412 0.99770528 0.9979044  0.999001   0.99631364 1.        ]]\n"
          ]
        }
      ]
    },
    {
      "cell_type": "code",
      "source": [
        "distance_matrix_IP = 1- sim_matrix \n",
        "lab = [\"6\", \"7\", \"8\", \"9\", \"10\", \"11\",\"12\", \"13\", \"14\", \"15\", \"16\", \"17\"]\n",
        "fig = ff.create_dendrogram(distance_matrix_IP, labels=lab)\n",
        "fig.update_layout(width=800, height=500, title = \"Dendrograma\", title_x=0.5)\n",
        "fig.show()"
      ],
      "metadata": {
        "colab": {
          "base_uri": "https://localhost:8080/",
          "height": 517
        },
        "id": "aOoK3b4j8B_c",
        "outputId": "cb9aa287-3288-4836-f18c-5f27f3715b7f"
      },
      "execution_count": 10,
      "outputs": [
        {
          "output_type": "display_data",
          "data": {
            "text/html": [
              "<html>\n",
              "<head><meta charset=\"utf-8\" /></head>\n",
              "<body>\n",
              "    <div>            <script src=\"https://cdnjs.cloudflare.com/ajax/libs/mathjax/2.7.5/MathJax.js?config=TeX-AMS-MML_SVG\"></script><script type=\"text/javascript\">if (window.MathJax && window.MathJax.Hub && window.MathJax.Hub.Config) {window.MathJax.Hub.Config({SVG: {font: \"STIX-Web\"}});}</script>                <script type=\"text/javascript\">window.PlotlyConfig = {MathJaxConfig: 'local'};</script>\n",
              "        <script src=\"https://cdn.plot.ly/plotly-2.18.2.min.js\"></script>                <div id=\"b0b06e11-1ba0-49aa-8e82-363f6bc368ce\" class=\"plotly-graph-div\" style=\"height:500px; width:800px;\"></div>            <script type=\"text/javascript\">                                    window.PLOTLYENV=window.PLOTLYENV || {};                                    if (document.getElementById(\"b0b06e11-1ba0-49aa-8e82-363f6bc368ce\")) {                    Plotly.newPlot(                        \"b0b06e11-1ba0-49aa-8e82-363f6bc368ce\",                        [{\"hoverinfo\":\"text\",\"marker\":{\"color\":\"rgb(61,153,112)\"},\"mode\":\"lines\",\"x\":[15.0,15.0,25.0,25.0],\"xaxis\":\"x\",\"y\":[0.0,0.0006748590135610226,0.0006748590135610226,0.0],\"yaxis\":\"y\",\"type\":\"scatter\"},{\"hoverinfo\":\"text\",\"marker\":{\"color\":\"rgb(61,153,112)\"},\"mode\":\"lines\",\"x\":[35.0,35.0,45.0,45.0],\"xaxis\":\"x\",\"y\":[0.0,0.0033811590093930713,0.0033811590093930713,0.0],\"yaxis\":\"y\",\"type\":\"scatter\"},{\"hoverinfo\":\"text\",\"marker\":{\"color\":\"rgb(61,153,112)\"},\"mode\":\"lines\",\"x\":[20.0,20.0,40.0,40.0],\"xaxis\":\"x\",\"y\":[0.0006748590135610226,0.007315968750011761,0.007315968750011761,0.0033811590093930713],\"yaxis\":\"y\",\"type\":\"scatter\"},{\"hoverinfo\":\"text\",\"marker\":{\"color\":\"rgb(61,153,112)\"},\"mode\":\"lines\",\"x\":[5.0,5.0,30.0,30.0],\"xaxis\":\"x\",\"y\":[0.0,0.01869178159481791,0.01869178159481791,0.007315968750011761],\"yaxis\":\"y\",\"type\":\"scatter\"},{\"hoverinfo\":\"text\",\"marker\":{\"color\":\"rgb(255,65,54)\"},\"mode\":\"lines\",\"x\":[55.0,55.0,65.0,65.0],\"xaxis\":\"x\",\"y\":[0.0,0.01494073911008527,0.01494073911008527,0.0],\"yaxis\":\"y\",\"type\":\"scatter\"},{\"hoverinfo\":\"text\",\"marker\":{\"color\":\"rgb(255,65,54)\"},\"mode\":\"lines\",\"x\":[85.0,85.0,95.0,95.0],\"xaxis\":\"x\",\"y\":[0.0,0.0,0.0,0.0],\"yaxis\":\"y\",\"type\":\"scatter\"},{\"hoverinfo\":\"text\",\"marker\":{\"color\":\"rgb(255,65,54)\"},\"mode\":\"lines\",\"x\":[105.0,105.0,115.0,115.0],\"xaxis\":\"x\",\"y\":[0.0,0.0003378577279804398,0.0003378577279804398,0.0],\"yaxis\":\"y\",\"type\":\"scatter\"},{\"hoverinfo\":\"text\",\"marker\":{\"color\":\"rgb(255,65,54)\"},\"mode\":\"lines\",\"x\":[90.0,90.0,110.0,110.0],\"xaxis\":\"x\",\"y\":[0.0,0.0019779244601614366,0.0019779244601614366,0.0003378577279804398],\"yaxis\":\"y\",\"type\":\"scatter\"},{\"hoverinfo\":\"text\",\"marker\":{\"color\":\"rgb(255,65,54)\"},\"mode\":\"lines\",\"x\":[75.0,75.0,100.0,100.0],\"xaxis\":\"x\",\"y\":[0.0,0.015893382536648997,0.015893382536648997,0.0019779244601614366],\"yaxis\":\"y\",\"type\":\"scatter\"},{\"hoverinfo\":\"text\",\"marker\":{\"color\":\"rgb(255,65,54)\"},\"mode\":\"lines\",\"x\":[60.0,60.0,87.5,87.5],\"xaxis\":\"x\",\"y\":[0.01494073911008527,0.046854364588470934,0.046854364588470934,0.015893382536648997],\"yaxis\":\"y\",\"type\":\"scatter\"},{\"hoverinfo\":\"text\",\"marker\":{\"color\":\"rgb(0,116,217)\"},\"mode\":\"lines\",\"x\":[17.5,17.5,73.75,73.75],\"xaxis\":\"x\",\"y\":[0.01869178159481791,0.0731384670487432,0.0731384670487432,0.046854364588470934],\"yaxis\":\"y\",\"type\":\"scatter\"}],                        {\"autosize\":false,\"height\":500,\"hovermode\":\"closest\",\"showlegend\":false,\"width\":800,\"xaxis\":{\"mirror\":\"allticks\",\"rangemode\":\"tozero\",\"showgrid\":false,\"showline\":true,\"showticklabels\":true,\"tickmode\":\"array\",\"ticks\":\"outside\",\"ticktext\":[\"16\",\"13\",\"14\",\"15\",\"17\",\"6\",\"10\",\"8\",\"7\",\"12\",\"9\",\"11\"],\"tickvals\":[5,15,25,35,45,55,65,75,85,95,105,115],\"type\":\"linear\",\"zeroline\":false},\"yaxis\":{\"mirror\":\"allticks\",\"rangemode\":\"tozero\",\"showgrid\":false,\"showline\":true,\"showticklabels\":true,\"ticks\":\"outside\",\"type\":\"linear\",\"zeroline\":false},\"template\":{\"data\":{\"histogram2dcontour\":[{\"type\":\"histogram2dcontour\",\"colorbar\":{\"outlinewidth\":0,\"ticks\":\"\"},\"colorscale\":[[0.0,\"#0d0887\"],[0.1111111111111111,\"#46039f\"],[0.2222222222222222,\"#7201a8\"],[0.3333333333333333,\"#9c179e\"],[0.4444444444444444,\"#bd3786\"],[0.5555555555555556,\"#d8576b\"],[0.6666666666666666,\"#ed7953\"],[0.7777777777777778,\"#fb9f3a\"],[0.8888888888888888,\"#fdca26\"],[1.0,\"#f0f921\"]]}],\"choropleth\":[{\"type\":\"choropleth\",\"colorbar\":{\"outlinewidth\":0,\"ticks\":\"\"}}],\"histogram2d\":[{\"type\":\"histogram2d\",\"colorbar\":{\"outlinewidth\":0,\"ticks\":\"\"},\"colorscale\":[[0.0,\"#0d0887\"],[0.1111111111111111,\"#46039f\"],[0.2222222222222222,\"#7201a8\"],[0.3333333333333333,\"#9c179e\"],[0.4444444444444444,\"#bd3786\"],[0.5555555555555556,\"#d8576b\"],[0.6666666666666666,\"#ed7953\"],[0.7777777777777778,\"#fb9f3a\"],[0.8888888888888888,\"#fdca26\"],[1.0,\"#f0f921\"]]}],\"heatmap\":[{\"type\":\"heatmap\",\"colorbar\":{\"outlinewidth\":0,\"ticks\":\"\"},\"colorscale\":[[0.0,\"#0d0887\"],[0.1111111111111111,\"#46039f\"],[0.2222222222222222,\"#7201a8\"],[0.3333333333333333,\"#9c179e\"],[0.4444444444444444,\"#bd3786\"],[0.5555555555555556,\"#d8576b\"],[0.6666666666666666,\"#ed7953\"],[0.7777777777777778,\"#fb9f3a\"],[0.8888888888888888,\"#fdca26\"],[1.0,\"#f0f921\"]]}],\"heatmapgl\":[{\"type\":\"heatmapgl\",\"colorbar\":{\"outlinewidth\":0,\"ticks\":\"\"},\"colorscale\":[[0.0,\"#0d0887\"],[0.1111111111111111,\"#46039f\"],[0.2222222222222222,\"#7201a8\"],[0.3333333333333333,\"#9c179e\"],[0.4444444444444444,\"#bd3786\"],[0.5555555555555556,\"#d8576b\"],[0.6666666666666666,\"#ed7953\"],[0.7777777777777778,\"#fb9f3a\"],[0.8888888888888888,\"#fdca26\"],[1.0,\"#f0f921\"]]}],\"contourcarpet\":[{\"type\":\"contourcarpet\",\"colorbar\":{\"outlinewidth\":0,\"ticks\":\"\"}}],\"contour\":[{\"type\":\"contour\",\"colorbar\":{\"outlinewidth\":0,\"ticks\":\"\"},\"colorscale\":[[0.0,\"#0d0887\"],[0.1111111111111111,\"#46039f\"],[0.2222222222222222,\"#7201a8\"],[0.3333333333333333,\"#9c179e\"],[0.4444444444444444,\"#bd3786\"],[0.5555555555555556,\"#d8576b\"],[0.6666666666666666,\"#ed7953\"],[0.7777777777777778,\"#fb9f3a\"],[0.8888888888888888,\"#fdca26\"],[1.0,\"#f0f921\"]]}],\"surface\":[{\"type\":\"surface\",\"colorbar\":{\"outlinewidth\":0,\"ticks\":\"\"},\"colorscale\":[[0.0,\"#0d0887\"],[0.1111111111111111,\"#46039f\"],[0.2222222222222222,\"#7201a8\"],[0.3333333333333333,\"#9c179e\"],[0.4444444444444444,\"#bd3786\"],[0.5555555555555556,\"#d8576b\"],[0.6666666666666666,\"#ed7953\"],[0.7777777777777778,\"#fb9f3a\"],[0.8888888888888888,\"#fdca26\"],[1.0,\"#f0f921\"]]}],\"mesh3d\":[{\"type\":\"mesh3d\",\"colorbar\":{\"outlinewidth\":0,\"ticks\":\"\"}}],\"scatter\":[{\"fillpattern\":{\"fillmode\":\"overlay\",\"size\":10,\"solidity\":0.2},\"type\":\"scatter\"}],\"parcoords\":[{\"type\":\"parcoords\",\"line\":{\"colorbar\":{\"outlinewidth\":0,\"ticks\":\"\"}}}],\"scatterpolargl\":[{\"type\":\"scatterpolargl\",\"marker\":{\"colorbar\":{\"outlinewidth\":0,\"ticks\":\"\"}}}],\"bar\":[{\"error_x\":{\"color\":\"#2a3f5f\"},\"error_y\":{\"color\":\"#2a3f5f\"},\"marker\":{\"line\":{\"color\":\"#E5ECF6\",\"width\":0.5},\"pattern\":{\"fillmode\":\"overlay\",\"size\":10,\"solidity\":0.2}},\"type\":\"bar\"}],\"scattergeo\":[{\"type\":\"scattergeo\",\"marker\":{\"colorbar\":{\"outlinewidth\":0,\"ticks\":\"\"}}}],\"scatterpolar\":[{\"type\":\"scatterpolar\",\"marker\":{\"colorbar\":{\"outlinewidth\":0,\"ticks\":\"\"}}}],\"histogram\":[{\"marker\":{\"pattern\":{\"fillmode\":\"overlay\",\"size\":10,\"solidity\":0.2}},\"type\":\"histogram\"}],\"scattergl\":[{\"type\":\"scattergl\",\"marker\":{\"colorbar\":{\"outlinewidth\":0,\"ticks\":\"\"}}}],\"scatter3d\":[{\"type\":\"scatter3d\",\"line\":{\"colorbar\":{\"outlinewidth\":0,\"ticks\":\"\"}},\"marker\":{\"colorbar\":{\"outlinewidth\":0,\"ticks\":\"\"}}}],\"scattermapbox\":[{\"type\":\"scattermapbox\",\"marker\":{\"colorbar\":{\"outlinewidth\":0,\"ticks\":\"\"}}}],\"scatterternary\":[{\"type\":\"scatterternary\",\"marker\":{\"colorbar\":{\"outlinewidth\":0,\"ticks\":\"\"}}}],\"scattercarpet\":[{\"type\":\"scattercarpet\",\"marker\":{\"colorbar\":{\"outlinewidth\":0,\"ticks\":\"\"}}}],\"carpet\":[{\"aaxis\":{\"endlinecolor\":\"#2a3f5f\",\"gridcolor\":\"white\",\"linecolor\":\"white\",\"minorgridcolor\":\"white\",\"startlinecolor\":\"#2a3f5f\"},\"baxis\":{\"endlinecolor\":\"#2a3f5f\",\"gridcolor\":\"white\",\"linecolor\":\"white\",\"minorgridcolor\":\"white\",\"startlinecolor\":\"#2a3f5f\"},\"type\":\"carpet\"}],\"table\":[{\"cells\":{\"fill\":{\"color\":\"#EBF0F8\"},\"line\":{\"color\":\"white\"}},\"header\":{\"fill\":{\"color\":\"#C8D4E3\"},\"line\":{\"color\":\"white\"}},\"type\":\"table\"}],\"barpolar\":[{\"marker\":{\"line\":{\"color\":\"#E5ECF6\",\"width\":0.5},\"pattern\":{\"fillmode\":\"overlay\",\"size\":10,\"solidity\":0.2}},\"type\":\"barpolar\"}],\"pie\":[{\"automargin\":true,\"type\":\"pie\"}]},\"layout\":{\"autotypenumbers\":\"strict\",\"colorway\":[\"#636efa\",\"#EF553B\",\"#00cc96\",\"#ab63fa\",\"#FFA15A\",\"#19d3f3\",\"#FF6692\",\"#B6E880\",\"#FF97FF\",\"#FECB52\"],\"font\":{\"color\":\"#2a3f5f\"},\"hovermode\":\"closest\",\"hoverlabel\":{\"align\":\"left\"},\"paper_bgcolor\":\"white\",\"plot_bgcolor\":\"#E5ECF6\",\"polar\":{\"bgcolor\":\"#E5ECF6\",\"angularaxis\":{\"gridcolor\":\"white\",\"linecolor\":\"white\",\"ticks\":\"\"},\"radialaxis\":{\"gridcolor\":\"white\",\"linecolor\":\"white\",\"ticks\":\"\"}},\"ternary\":{\"bgcolor\":\"#E5ECF6\",\"aaxis\":{\"gridcolor\":\"white\",\"linecolor\":\"white\",\"ticks\":\"\"},\"baxis\":{\"gridcolor\":\"white\",\"linecolor\":\"white\",\"ticks\":\"\"},\"caxis\":{\"gridcolor\":\"white\",\"linecolor\":\"white\",\"ticks\":\"\"}},\"coloraxis\":{\"colorbar\":{\"outlinewidth\":0,\"ticks\":\"\"}},\"colorscale\":{\"sequential\":[[0.0,\"#0d0887\"],[0.1111111111111111,\"#46039f\"],[0.2222222222222222,\"#7201a8\"],[0.3333333333333333,\"#9c179e\"],[0.4444444444444444,\"#bd3786\"],[0.5555555555555556,\"#d8576b\"],[0.6666666666666666,\"#ed7953\"],[0.7777777777777778,\"#fb9f3a\"],[0.8888888888888888,\"#fdca26\"],[1.0,\"#f0f921\"]],\"sequentialminus\":[[0.0,\"#0d0887\"],[0.1111111111111111,\"#46039f\"],[0.2222222222222222,\"#7201a8\"],[0.3333333333333333,\"#9c179e\"],[0.4444444444444444,\"#bd3786\"],[0.5555555555555556,\"#d8576b\"],[0.6666666666666666,\"#ed7953\"],[0.7777777777777778,\"#fb9f3a\"],[0.8888888888888888,\"#fdca26\"],[1.0,\"#f0f921\"]],\"diverging\":[[0,\"#8e0152\"],[0.1,\"#c51b7d\"],[0.2,\"#de77ae\"],[0.3,\"#f1b6da\"],[0.4,\"#fde0ef\"],[0.5,\"#f7f7f7\"],[0.6,\"#e6f5d0\"],[0.7,\"#b8e186\"],[0.8,\"#7fbc41\"],[0.9,\"#4d9221\"],[1,\"#276419\"]]},\"xaxis\":{\"gridcolor\":\"white\",\"linecolor\":\"white\",\"ticks\":\"\",\"title\":{\"standoff\":15},\"zerolinecolor\":\"white\",\"automargin\":true,\"zerolinewidth\":2},\"yaxis\":{\"gridcolor\":\"white\",\"linecolor\":\"white\",\"ticks\":\"\",\"title\":{\"standoff\":15},\"zerolinecolor\":\"white\",\"automargin\":true,\"zerolinewidth\":2},\"scene\":{\"xaxis\":{\"backgroundcolor\":\"#E5ECF6\",\"gridcolor\":\"white\",\"linecolor\":\"white\",\"showbackground\":true,\"ticks\":\"\",\"zerolinecolor\":\"white\",\"gridwidth\":2},\"yaxis\":{\"backgroundcolor\":\"#E5ECF6\",\"gridcolor\":\"white\",\"linecolor\":\"white\",\"showbackground\":true,\"ticks\":\"\",\"zerolinecolor\":\"white\",\"gridwidth\":2},\"zaxis\":{\"backgroundcolor\":\"#E5ECF6\",\"gridcolor\":\"white\",\"linecolor\":\"white\",\"showbackground\":true,\"ticks\":\"\",\"zerolinecolor\":\"white\",\"gridwidth\":2}},\"shapedefaults\":{\"line\":{\"color\":\"#2a3f5f\"}},\"annotationdefaults\":{\"arrowcolor\":\"#2a3f5f\",\"arrowhead\":0,\"arrowwidth\":1},\"geo\":{\"bgcolor\":\"white\",\"landcolor\":\"#E5ECF6\",\"subunitcolor\":\"white\",\"showland\":true,\"showlakes\":true,\"lakecolor\":\"white\"},\"title\":{\"x\":0.05},\"mapbox\":{\"style\":\"light\"}}},\"title\":{\"text\":\"Dendrograma\",\"x\":0.5}},                        {\"responsive\": true}                    ).then(function(){\n",
              "                            \n",
              "var gd = document.getElementById('b0b06e11-1ba0-49aa-8e82-363f6bc368ce');\n",
              "var x = new MutationObserver(function (mutations, observer) {{\n",
              "        var display = window.getComputedStyle(gd).display;\n",
              "        if (!display || display === 'none') {{\n",
              "            console.log([gd, 'removed!']);\n",
              "            Plotly.purge(gd);\n",
              "            observer.disconnect();\n",
              "        }}\n",
              "}});\n",
              "\n",
              "// Listen for the removal of the full notebook cells\n",
              "var notebookContainer = gd.closest('#notebook-container');\n",
              "if (notebookContainer) {{\n",
              "    x.observe(notebookContainer, {childList: true});\n",
              "}}\n",
              "\n",
              "// Listen for the clearing of the current output cell\n",
              "var outputEl = gd.closest('.output');\n",
              "if (outputEl) {{\n",
              "    x.observe(outputEl, {childList: true});\n",
              "}}\n",
              "\n",
              "                        })                };                            </script>        </div>\n",
              "</body>\n",
              "</html>"
            ]
          },
          "metadata": {}
        }
      ]
    }
  ]
}