{
  "nbformat": 4,
  "nbformat_minor": 0,
  "metadata": {
    "colab": {
      "provenance": [],
      "authorship_tag": "ABX9TyPofygdsJIeUjJKTZWWQTl1",
      "include_colab_link": true
    },
    "kernelspec": {
      "name": "python3",
      "display_name": "Python 3"
    },
    "language_info": {
      "name": "python"
    }
  },
  "cells": [
    {
      "cell_type": "markdown",
      "metadata": {
        "id": "view-in-github",
        "colab_type": "text"
      },
      "source": [
        "<a href=\"https://colab.research.google.com/github/jisusP/Articulo/blob/main/tanimoto_article.ipynb\" target=\"_parent\"><img src=\"https://colab.research.google.com/assets/colab-badge.svg\" alt=\"Open In Colab\"/></a>"
      ]
    },
    {
      "cell_type": "markdown",
      "source": [
        "***Tratamiento de smiles con pandas***\n",
        "\n"
      ],
      "metadata": {
        "id": "acsgRGicEUwL"
      }
    },
    {
      "cell_type": "code",
      "source": [
        "import pandas as pd\n",
        "import numpy as np\n",
        "import seaborn as sns\n",
        "import matplotlib.pyplot as plt\n",
        "\n",
        "url= \"https://raw.githubusercontent.com/jisusP/Articulo/main/SMILES.csv\"\n",
        "\n",
        "sm=pd.read_csv(url)\n",
        "sm"
      ],
      "metadata": {
        "colab": {
          "base_uri": "https://localhost:8080/",
          "height": 426
        },
        "id": "ULeHhk1DEmqT",
        "outputId": "ca6dc652-1b15-463a-a249-42808b2eecfa"
      },
      "execution_count": 20,
      "outputs": [
        {
          "output_type": "execute_result",
          "data": {
            "text/plain": [
              "     #                                    smiles\n",
              "0    1       CCC1=CC=C2N=C(C=CC2=C1)C1=NC=CC=C1 \n",
              "1    2        ClC1=CC=C2N=C(C=CC2=C1)C1=CN=CC=C1\n",
              "2    3        FC1=CC=C2N=C(C=CC2=C1)C1=CN=CC=C1 \n",
              "3    4         C1=CC=C2N=C(C=CC2=C1)C1=CC=NC=C1 \n",
              "4    5        CC1=CC=C2N=C(C=CC2=C1)C1=CC=NC=C1 \n",
              "5    6       ClC1=CC=C2N=C(C=CC2=C1)C1=CC=NC=C1 \n",
              "6    7       ClC1=C2N=C(C=CC2=CC=C1)C1=CC=NC=C1 \n",
              "7    8   FC1=CC=C2N=C(\\C=C\\C3=NC=CC=C3)C=CC2=C1 \n",
              "8    9    C(=C/C1=NC2=CC=CC=C2C=C1)\\C1=CN=CC=C1 \n",
              "9   10  ClC1=CC=C2N=C(\\C=C\\C3=CN=CC=C3)C=CC2=C1 \n",
              "10  11    C(=C/C1=NC2=CC=CC=C2C=C1)\\C1=CC=NC=C1 \n",
              "11  12  ClC1=CC=C2N=C(\\C=C\\C3=CC=NC=C3)C=CC2=C1 "
            ],
            "text/html": [
              "\n",
              "  <div id=\"df-f04a52e3-9060-4151-b800-938d10caa888\">\n",
              "    <div class=\"colab-df-container\">\n",
              "      <div>\n",
              "<style scoped>\n",
              "    .dataframe tbody tr th:only-of-type {\n",
              "        vertical-align: middle;\n",
              "    }\n",
              "\n",
              "    .dataframe tbody tr th {\n",
              "        vertical-align: top;\n",
              "    }\n",
              "\n",
              "    .dataframe thead th {\n",
              "        text-align: right;\n",
              "    }\n",
              "</style>\n",
              "<table border=\"1\" class=\"dataframe\">\n",
              "  <thead>\n",
              "    <tr style=\"text-align: right;\">\n",
              "      <th></th>\n",
              "      <th>#</th>\n",
              "      <th>smiles</th>\n",
              "    </tr>\n",
              "  </thead>\n",
              "  <tbody>\n",
              "    <tr>\n",
              "      <th>0</th>\n",
              "      <td>1</td>\n",
              "      <td>CCC1=CC=C2N=C(C=CC2=C1)C1=NC=CC=C1</td>\n",
              "    </tr>\n",
              "    <tr>\n",
              "      <th>1</th>\n",
              "      <td>2</td>\n",
              "      <td>ClC1=CC=C2N=C(C=CC2=C1)C1=CN=CC=C1</td>\n",
              "    </tr>\n",
              "    <tr>\n",
              "      <th>2</th>\n",
              "      <td>3</td>\n",
              "      <td>FC1=CC=C2N=C(C=CC2=C1)C1=CN=CC=C1</td>\n",
              "    </tr>\n",
              "    <tr>\n",
              "      <th>3</th>\n",
              "      <td>4</td>\n",
              "      <td>C1=CC=C2N=C(C=CC2=C1)C1=CC=NC=C1</td>\n",
              "    </tr>\n",
              "    <tr>\n",
              "      <th>4</th>\n",
              "      <td>5</td>\n",
              "      <td>CC1=CC=C2N=C(C=CC2=C1)C1=CC=NC=C1</td>\n",
              "    </tr>\n",
              "    <tr>\n",
              "      <th>5</th>\n",
              "      <td>6</td>\n",
              "      <td>ClC1=CC=C2N=C(C=CC2=C1)C1=CC=NC=C1</td>\n",
              "    </tr>\n",
              "    <tr>\n",
              "      <th>6</th>\n",
              "      <td>7</td>\n",
              "      <td>ClC1=C2N=C(C=CC2=CC=C1)C1=CC=NC=C1</td>\n",
              "    </tr>\n",
              "    <tr>\n",
              "      <th>7</th>\n",
              "      <td>8</td>\n",
              "      <td>FC1=CC=C2N=C(\\C=C\\C3=NC=CC=C3)C=CC2=C1</td>\n",
              "    </tr>\n",
              "    <tr>\n",
              "      <th>8</th>\n",
              "      <td>9</td>\n",
              "      <td>C(=C/C1=NC2=CC=CC=C2C=C1)\\C1=CN=CC=C1</td>\n",
              "    </tr>\n",
              "    <tr>\n",
              "      <th>9</th>\n",
              "      <td>10</td>\n",
              "      <td>ClC1=CC=C2N=C(\\C=C\\C3=CN=CC=C3)C=CC2=C1</td>\n",
              "    </tr>\n",
              "    <tr>\n",
              "      <th>10</th>\n",
              "      <td>11</td>\n",
              "      <td>C(=C/C1=NC2=CC=CC=C2C=C1)\\C1=CC=NC=C1</td>\n",
              "    </tr>\n",
              "    <tr>\n",
              "      <th>11</th>\n",
              "      <td>12</td>\n",
              "      <td>ClC1=CC=C2N=C(\\C=C\\C3=CC=NC=C3)C=CC2=C1</td>\n",
              "    </tr>\n",
              "  </tbody>\n",
              "</table>\n",
              "</div>\n",
              "      <button class=\"colab-df-convert\" onclick=\"convertToInteractive('df-f04a52e3-9060-4151-b800-938d10caa888')\"\n",
              "              title=\"Convert this dataframe to an interactive table.\"\n",
              "              style=\"display:none;\">\n",
              "        \n",
              "  <svg xmlns=\"http://www.w3.org/2000/svg\" height=\"24px\"viewBox=\"0 0 24 24\"\n",
              "       width=\"24px\">\n",
              "    <path d=\"M0 0h24v24H0V0z\" fill=\"none\"/>\n",
              "    <path d=\"M18.56 5.44l.94 2.06.94-2.06 2.06-.94-2.06-.94-.94-2.06-.94 2.06-2.06.94zm-11 1L8.5 8.5l.94-2.06 2.06-.94-2.06-.94L8.5 2.5l-.94 2.06-2.06.94zm10 10l.94 2.06.94-2.06 2.06-.94-2.06-.94-.94-2.06-.94 2.06-2.06.94z\"/><path d=\"M17.41 7.96l-1.37-1.37c-.4-.4-.92-.59-1.43-.59-.52 0-1.04.2-1.43.59L10.3 9.45l-7.72 7.72c-.78.78-.78 2.05 0 2.83L4 21.41c.39.39.9.59 1.41.59.51 0 1.02-.2 1.41-.59l7.78-7.78 2.81-2.81c.8-.78.8-2.07 0-2.86zM5.41 20L4 18.59l7.72-7.72 1.47 1.35L5.41 20z\"/>\n",
              "  </svg>\n",
              "      </button>\n",
              "      \n",
              "  <style>\n",
              "    .colab-df-container {\n",
              "      display:flex;\n",
              "      flex-wrap:wrap;\n",
              "      gap: 12px;\n",
              "    }\n",
              "\n",
              "    .colab-df-convert {\n",
              "      background-color: #E8F0FE;\n",
              "      border: none;\n",
              "      border-radius: 50%;\n",
              "      cursor: pointer;\n",
              "      display: none;\n",
              "      fill: #1967D2;\n",
              "      height: 32px;\n",
              "      padding: 0 0 0 0;\n",
              "      width: 32px;\n",
              "    }\n",
              "\n",
              "    .colab-df-convert:hover {\n",
              "      background-color: #E2EBFA;\n",
              "      box-shadow: 0px 1px 2px rgba(60, 64, 67, 0.3), 0px 1px 3px 1px rgba(60, 64, 67, 0.15);\n",
              "      fill: #174EA6;\n",
              "    }\n",
              "\n",
              "    [theme=dark] .colab-df-convert {\n",
              "      background-color: #3B4455;\n",
              "      fill: #D2E3FC;\n",
              "    }\n",
              "\n",
              "    [theme=dark] .colab-df-convert:hover {\n",
              "      background-color: #434B5C;\n",
              "      box-shadow: 0px 1px 3px 1px rgba(0, 0, 0, 0.15);\n",
              "      filter: drop-shadow(0px 1px 2px rgba(0, 0, 0, 0.3));\n",
              "      fill: #FFFFFF;\n",
              "    }\n",
              "  </style>\n",
              "\n",
              "      <script>\n",
              "        const buttonEl =\n",
              "          document.querySelector('#df-f04a52e3-9060-4151-b800-938d10caa888 button.colab-df-convert');\n",
              "        buttonEl.style.display =\n",
              "          google.colab.kernel.accessAllowed ? 'block' : 'none';\n",
              "\n",
              "        async function convertToInteractive(key) {\n",
              "          const element = document.querySelector('#df-f04a52e3-9060-4151-b800-938d10caa888');\n",
              "          const dataTable =\n",
              "            await google.colab.kernel.invokeFunction('convertToInteractive',\n",
              "                                                     [key], {});\n",
              "          if (!dataTable) return;\n",
              "\n",
              "          const docLinkHtml = 'Like what you see? Visit the ' +\n",
              "            '<a target=\"_blank\" href=https://colab.research.google.com/notebooks/data_table.ipynb>data table notebook</a>'\n",
              "            + ' to learn more about interactive tables.';\n",
              "          element.innerHTML = '';\n",
              "          dataTable['output_type'] = 'display_data';\n",
              "          await google.colab.output.renderOutput(dataTable, element);\n",
              "          const docLink = document.createElement('div');\n",
              "          docLink.innerHTML = docLinkHtml;\n",
              "          element.appendChild(docLink);\n",
              "        }\n",
              "      </script>\n",
              "    </div>\n",
              "  </div>\n",
              "  "
            ]
          },
          "metadata": {},
          "execution_count": 20
        }
      ]
    },
    {
      "cell_type": "code",
      "source": [
        "!pip install rdkit"
      ],
      "metadata": {
        "colab": {
          "base_uri": "https://localhost:8080/"
        },
        "id": "FvC9FKzDWeig",
        "outputId": "c3048033-385f-43ab-aaef-22df80fa8d14"
      },
      "execution_count": 18,
      "outputs": [
        {
          "output_type": "stream",
          "name": "stdout",
          "text": [
            "Looking in indexes: https://pypi.org/simple, https://us-python.pkg.dev/colab-wheels/public/simple/\n",
            "Collecting rdkit\n",
            "  Downloading rdkit-2022.9.5-cp39-cp39-manylinux_2_17_x86_64.manylinux2014_x86_64.whl (29.4 MB)\n",
            "\u001b[2K     \u001b[90m━━━━━━━━━━━━━━━━━━━━━━━━━━━━━━━━━━━━━━━━\u001b[0m \u001b[32m29.4/29.4 MB\u001b[0m \u001b[31m28.4 MB/s\u001b[0m eta \u001b[36m0:00:00\u001b[0m\n",
            "\u001b[?25hRequirement already satisfied: Pillow in /usr/local/lib/python3.9/dist-packages (from rdkit) (8.4.0)\n",
            "Requirement already satisfied: numpy in /usr/local/lib/python3.9/dist-packages (from rdkit) (1.22.4)\n",
            "Installing collected packages: rdkit\n",
            "Successfully installed rdkit-2022.9.5\n"
          ]
        }
      ]
    },
    {
      "cell_type": "code",
      "source": [
        "#índices de tanimoto\n",
        "from rdkit import Chem\n",
        "from rdkit import DataStructs\n",
        "from rdkit.Chem import MACCSkeys\n",
        "\n",
        "smile_alone = sm.loc[:,\"smiles\"]\n",
        "mkeys = []\n",
        "\n",
        "def tanimoto(s):\n",
        "  mol = Chem.MolFromSmiles(s)\n",
        "  mkeys = MACCSkeys.GenMACCSKeys(mol)\n",
        "  return mkeys\n",
        "\n",
        "for i in smile_alone:\n",
        "  \n",
        "  mkeys.append(tanimoto(i))\n",
        "\n",
        "sm = sm.assign(Mkeys=mkeys)\n",
        "sm"
      ],
      "metadata": {
        "colab": {
          "base_uri": "https://localhost:8080/",
          "height": 426
        },
        "id": "LBVWm5DMV2vp",
        "outputId": "5d5dada1-fcb5-444f-f1b0-d81f1605526b"
      },
      "execution_count": 50,
      "outputs": [
        {
          "output_type": "execute_result",
          "data": {
            "text/plain": [
              "     #                                    smiles  \\\n",
              "0    1       CCC1=CC=C2N=C(C=CC2=C1)C1=NC=CC=C1    \n",
              "1    2        ClC1=CC=C2N=C(C=CC2=C1)C1=CN=CC=C1   \n",
              "2    3        FC1=CC=C2N=C(C=CC2=C1)C1=CN=CC=C1    \n",
              "3    4         C1=CC=C2N=C(C=CC2=C1)C1=CC=NC=C1    \n",
              "4    5        CC1=CC=C2N=C(C=CC2=C1)C1=CC=NC=C1    \n",
              "5    6       ClC1=CC=C2N=C(C=CC2=C1)C1=CC=NC=C1    \n",
              "6    7       ClC1=C2N=C(C=CC2=CC=C1)C1=CC=NC=C1    \n",
              "7    8   FC1=CC=C2N=C(\\C=C\\C3=NC=CC=C3)C=CC2=C1    \n",
              "8    9    C(=C/C1=NC2=CC=CC=C2C=C1)\\C1=CN=CC=C1    \n",
              "9   10  ClC1=CC=C2N=C(\\C=C\\C3=CN=CC=C3)C=CC2=C1    \n",
              "10  11    C(=C/C1=NC2=CC=CC=C2C=C1)\\C1=CC=NC=C1    \n",
              "11  12  ClC1=CC=C2N=C(\\C=C\\C3=CC=NC=C3)C=CC2=C1    \n",
              "\n",
              "                                                Mkeys  \n",
              "0   [0, 0, 0, 0, 0, 0, 0, 0, 0, 0, 0, 0, 0, 0, 0, ...  \n",
              "1   [0, 0, 0, 0, 0, 0, 0, 0, 0, 0, 0, 0, 0, 0, 0, ...  \n",
              "2   [0, 0, 0, 0, 0, 0, 0, 0, 0, 0, 0, 0, 0, 0, 0, ...  \n",
              "3   [0, 0, 0, 0, 0, 0, 0, 0, 0, 0, 0, 0, 0, 0, 0, ...  \n",
              "4   [0, 0, 0, 0, 0, 0, 0, 0, 0, 0, 0, 0, 0, 0, 0, ...  \n",
              "5   [0, 0, 0, 0, 0, 0, 0, 0, 0, 0, 0, 0, 0, 0, 0, ...  \n",
              "6   [0, 0, 0, 0, 0, 0, 0, 0, 0, 0, 0, 0, 0, 0, 0, ...  \n",
              "7   [0, 0, 0, 0, 0, 0, 0, 0, 0, 0, 0, 0, 0, 0, 0, ...  \n",
              "8   [0, 0, 0, 0, 0, 0, 0, 0, 0, 0, 0, 0, 0, 0, 0, ...  \n",
              "9   [0, 0, 0, 0, 0, 0, 0, 0, 0, 0, 0, 0, 0, 0, 0, ...  \n",
              "10  [0, 0, 0, 0, 0, 0, 0, 0, 0, 0, 0, 0, 0, 0, 0, ...  \n",
              "11  [0, 0, 0, 0, 0, 0, 0, 0, 0, 0, 0, 0, 0, 0, 0, ...  "
            ],
            "text/html": [
              "\n",
              "  <div id=\"df-c212dd4d-26e2-41b8-af03-b72d1fd02829\">\n",
              "    <div class=\"colab-df-container\">\n",
              "      <div>\n",
              "<style scoped>\n",
              "    .dataframe tbody tr th:only-of-type {\n",
              "        vertical-align: middle;\n",
              "    }\n",
              "\n",
              "    .dataframe tbody tr th {\n",
              "        vertical-align: top;\n",
              "    }\n",
              "\n",
              "    .dataframe thead th {\n",
              "        text-align: right;\n",
              "    }\n",
              "</style>\n",
              "<table border=\"1\" class=\"dataframe\">\n",
              "  <thead>\n",
              "    <tr style=\"text-align: right;\">\n",
              "      <th></th>\n",
              "      <th>#</th>\n",
              "      <th>smiles</th>\n",
              "      <th>Mkeys</th>\n",
              "    </tr>\n",
              "  </thead>\n",
              "  <tbody>\n",
              "    <tr>\n",
              "      <th>0</th>\n",
              "      <td>1</td>\n",
              "      <td>CCC1=CC=C2N=C(C=CC2=C1)C1=NC=CC=C1</td>\n",
              "      <td>[0, 0, 0, 0, 0, 0, 0, 0, 0, 0, 0, 0, 0, 0, 0, ...</td>\n",
              "    </tr>\n",
              "    <tr>\n",
              "      <th>1</th>\n",
              "      <td>2</td>\n",
              "      <td>ClC1=CC=C2N=C(C=CC2=C1)C1=CN=CC=C1</td>\n",
              "      <td>[0, 0, 0, 0, 0, 0, 0, 0, 0, 0, 0, 0, 0, 0, 0, ...</td>\n",
              "    </tr>\n",
              "    <tr>\n",
              "      <th>2</th>\n",
              "      <td>3</td>\n",
              "      <td>FC1=CC=C2N=C(C=CC2=C1)C1=CN=CC=C1</td>\n",
              "      <td>[0, 0, 0, 0, 0, 0, 0, 0, 0, 0, 0, 0, 0, 0, 0, ...</td>\n",
              "    </tr>\n",
              "    <tr>\n",
              "      <th>3</th>\n",
              "      <td>4</td>\n",
              "      <td>C1=CC=C2N=C(C=CC2=C1)C1=CC=NC=C1</td>\n",
              "      <td>[0, 0, 0, 0, 0, 0, 0, 0, 0, 0, 0, 0, 0, 0, 0, ...</td>\n",
              "    </tr>\n",
              "    <tr>\n",
              "      <th>4</th>\n",
              "      <td>5</td>\n",
              "      <td>CC1=CC=C2N=C(C=CC2=C1)C1=CC=NC=C1</td>\n",
              "      <td>[0, 0, 0, 0, 0, 0, 0, 0, 0, 0, 0, 0, 0, 0, 0, ...</td>\n",
              "    </tr>\n",
              "    <tr>\n",
              "      <th>5</th>\n",
              "      <td>6</td>\n",
              "      <td>ClC1=CC=C2N=C(C=CC2=C1)C1=CC=NC=C1</td>\n",
              "      <td>[0, 0, 0, 0, 0, 0, 0, 0, 0, 0, 0, 0, 0, 0, 0, ...</td>\n",
              "    </tr>\n",
              "    <tr>\n",
              "      <th>6</th>\n",
              "      <td>7</td>\n",
              "      <td>ClC1=C2N=C(C=CC2=CC=C1)C1=CC=NC=C1</td>\n",
              "      <td>[0, 0, 0, 0, 0, 0, 0, 0, 0, 0, 0, 0, 0, 0, 0, ...</td>\n",
              "    </tr>\n",
              "    <tr>\n",
              "      <th>7</th>\n",
              "      <td>8</td>\n",
              "      <td>FC1=CC=C2N=C(\\C=C\\C3=NC=CC=C3)C=CC2=C1</td>\n",
              "      <td>[0, 0, 0, 0, 0, 0, 0, 0, 0, 0, 0, 0, 0, 0, 0, ...</td>\n",
              "    </tr>\n",
              "    <tr>\n",
              "      <th>8</th>\n",
              "      <td>9</td>\n",
              "      <td>C(=C/C1=NC2=CC=CC=C2C=C1)\\C1=CN=CC=C1</td>\n",
              "      <td>[0, 0, 0, 0, 0, 0, 0, 0, 0, 0, 0, 0, 0, 0, 0, ...</td>\n",
              "    </tr>\n",
              "    <tr>\n",
              "      <th>9</th>\n",
              "      <td>10</td>\n",
              "      <td>ClC1=CC=C2N=C(\\C=C\\C3=CN=CC=C3)C=CC2=C1</td>\n",
              "      <td>[0, 0, 0, 0, 0, 0, 0, 0, 0, 0, 0, 0, 0, 0, 0, ...</td>\n",
              "    </tr>\n",
              "    <tr>\n",
              "      <th>10</th>\n",
              "      <td>11</td>\n",
              "      <td>C(=C/C1=NC2=CC=CC=C2C=C1)\\C1=CC=NC=C1</td>\n",
              "      <td>[0, 0, 0, 0, 0, 0, 0, 0, 0, 0, 0, 0, 0, 0, 0, ...</td>\n",
              "    </tr>\n",
              "    <tr>\n",
              "      <th>11</th>\n",
              "      <td>12</td>\n",
              "      <td>ClC1=CC=C2N=C(\\C=C\\C3=CC=NC=C3)C=CC2=C1</td>\n",
              "      <td>[0, 0, 0, 0, 0, 0, 0, 0, 0, 0, 0, 0, 0, 0, 0, ...</td>\n",
              "    </tr>\n",
              "  </tbody>\n",
              "</table>\n",
              "</div>\n",
              "      <button class=\"colab-df-convert\" onclick=\"convertToInteractive('df-c212dd4d-26e2-41b8-af03-b72d1fd02829')\"\n",
              "              title=\"Convert this dataframe to an interactive table.\"\n",
              "              style=\"display:none;\">\n",
              "        \n",
              "  <svg xmlns=\"http://www.w3.org/2000/svg\" height=\"24px\"viewBox=\"0 0 24 24\"\n",
              "       width=\"24px\">\n",
              "    <path d=\"M0 0h24v24H0V0z\" fill=\"none\"/>\n",
              "    <path d=\"M18.56 5.44l.94 2.06.94-2.06 2.06-.94-2.06-.94-.94-2.06-.94 2.06-2.06.94zm-11 1L8.5 8.5l.94-2.06 2.06-.94-2.06-.94L8.5 2.5l-.94 2.06-2.06.94zm10 10l.94 2.06.94-2.06 2.06-.94-2.06-.94-.94-2.06-.94 2.06-2.06.94z\"/><path d=\"M17.41 7.96l-1.37-1.37c-.4-.4-.92-.59-1.43-.59-.52 0-1.04.2-1.43.59L10.3 9.45l-7.72 7.72c-.78.78-.78 2.05 0 2.83L4 21.41c.39.39.9.59 1.41.59.51 0 1.02-.2 1.41-.59l7.78-7.78 2.81-2.81c.8-.78.8-2.07 0-2.86zM5.41 20L4 18.59l7.72-7.72 1.47 1.35L5.41 20z\"/>\n",
              "  </svg>\n",
              "      </button>\n",
              "      \n",
              "  <style>\n",
              "    .colab-df-container {\n",
              "      display:flex;\n",
              "      flex-wrap:wrap;\n",
              "      gap: 12px;\n",
              "    }\n",
              "\n",
              "    .colab-df-convert {\n",
              "      background-color: #E8F0FE;\n",
              "      border: none;\n",
              "      border-radius: 50%;\n",
              "      cursor: pointer;\n",
              "      display: none;\n",
              "      fill: #1967D2;\n",
              "      height: 32px;\n",
              "      padding: 0 0 0 0;\n",
              "      width: 32px;\n",
              "    }\n",
              "\n",
              "    .colab-df-convert:hover {\n",
              "      background-color: #E2EBFA;\n",
              "      box-shadow: 0px 1px 2px rgba(60, 64, 67, 0.3), 0px 1px 3px 1px rgba(60, 64, 67, 0.15);\n",
              "      fill: #174EA6;\n",
              "    }\n",
              "\n",
              "    [theme=dark] .colab-df-convert {\n",
              "      background-color: #3B4455;\n",
              "      fill: #D2E3FC;\n",
              "    }\n",
              "\n",
              "    [theme=dark] .colab-df-convert:hover {\n",
              "      background-color: #434B5C;\n",
              "      box-shadow: 0px 1px 3px 1px rgba(0, 0, 0, 0.15);\n",
              "      filter: drop-shadow(0px 1px 2px rgba(0, 0, 0, 0.3));\n",
              "      fill: #FFFFFF;\n",
              "    }\n",
              "  </style>\n",
              "\n",
              "      <script>\n",
              "        const buttonEl =\n",
              "          document.querySelector('#df-c212dd4d-26e2-41b8-af03-b72d1fd02829 button.colab-df-convert');\n",
              "        buttonEl.style.display =\n",
              "          google.colab.kernel.accessAllowed ? 'block' : 'none';\n",
              "\n",
              "        async function convertToInteractive(key) {\n",
              "          const element = document.querySelector('#df-c212dd4d-26e2-41b8-af03-b72d1fd02829');\n",
              "          const dataTable =\n",
              "            await google.colab.kernel.invokeFunction('convertToInteractive',\n",
              "                                                     [key], {});\n",
              "          if (!dataTable) return;\n",
              "\n",
              "          const docLinkHtml = 'Like what you see? Visit the ' +\n",
              "            '<a target=\"_blank\" href=https://colab.research.google.com/notebooks/data_table.ipynb>data table notebook</a>'\n",
              "            + ' to learn more about interactive tables.';\n",
              "          element.innerHTML = '';\n",
              "          dataTable['output_type'] = 'display_data';\n",
              "          await google.colab.output.renderOutput(dataTable, element);\n",
              "          const docLink = document.createElement('div');\n",
              "          docLink.innerHTML = docLinkHtml;\n",
              "          element.appendChild(docLink);\n",
              "        }\n",
              "      </script>\n",
              "    </div>\n",
              "  </div>\n",
              "  "
            ]
          },
          "metadata": {},
          "execution_count": 50
        }
      ]
    },
    {
      "cell_type": "code",
      "source": [
        "Tan=[]\n",
        "for k in sm['Mkeys']:\n",
        "  for i in sm['Mkeys']:\n",
        "    Tan.append(DataStructs.FingerprintSimilarity(k,i, metric = DataStructs.TanimotoSimilarity))\n",
        "    print(Tan)\n",
        "\n",
        "#sm = sm.assign(Tanimoto = Tan)\n"
      ],
      "metadata": {
        "id": "MkeqK6h4mX9H"
      },
      "execution_count": null,
      "outputs": []
    },
    {
      "cell_type": "code",
      "source": [
        "x = 12\n",
        "dividir_array= lambda Tan, x: [Tan[i:i+x] for i in range(0, len(Tan), x)]\n",
        "data=dividir_array(Tan, x)\n",
        "df_tan=pd.DataFrame(data)\n",
        "df_tan.corr()\n"
      ],
      "metadata": {
        "colab": {
          "base_uri": "https://localhost:8080/",
          "height": 463
        },
        "id": "4mqg5MAM9SCA",
        "outputId": "1dd91743-9fe8-4d26-ba16-8d6ab4a25145"
      },
      "execution_count": 78,
      "outputs": [
        {
          "output_type": "stream",
          "name": "stdout",
          "text": [
            "The Final List is: [[1.0, 0.64, 0.64, 0.8, 0.85, 0.6666666666666666, 0.6666666666666666, 0.6, 0.7142857142857143, 0.6, 0.7142857142857143, 0.6], [0.64, 1.0, 0.9090909090909091, 0.7619047619047619, 0.7272727272727273, 0.9523809523809523, 0.9523809523809523, 0.782608695652174, 0.6818181818181818, 0.8636363636363636, 0.6818181818181818, 0.8636363636363636], [0.64, 0.9090909090909091, 1.0, 0.7619047619047619, 0.7272727272727273, 0.8636363636363636, 0.8636363636363636, 0.8636363636363636, 0.6818181818181818, 0.782608695652174, 0.6818181818181818, 0.782608695652174], [0.8, 0.7619047619047619, 0.7619047619047619, 1.0, 0.9411764705882353, 0.8, 0.8, 0.7142857142857143, 0.8823529411764706, 0.7142857142857143, 0.8823529411764706, 0.7142857142857143], [0.85, 0.7272727272727273, 0.7272727272727273, 0.9411764705882353, 1.0, 0.7619047619047619, 0.7619047619047619, 0.6818181818181818, 0.8333333333333334, 0.6818181818181818, 0.8333333333333334, 0.6818181818181818], [0.6666666666666666, 0.9523809523809523, 0.8636363636363636, 0.8, 0.7619047619047619, 1.0, 1.0, 0.8181818181818182, 0.7142857142857143, 0.9047619047619048, 0.7142857142857143, 0.9047619047619048], [0.6666666666666666, 0.9523809523809523, 0.8636363636363636, 0.8, 0.7619047619047619, 1.0, 1.0, 0.8181818181818182, 0.7142857142857143, 0.9047619047619048, 0.7142857142857143, 0.9047619047619048], [0.6, 0.782608695652174, 0.8636363636363636, 0.7142857142857143, 0.6818181818181818, 0.8181818181818182, 0.8181818181818182, 1.0, 0.8, 0.9047619047619048, 0.8, 0.9047619047619048], [0.7142857142857143, 0.6818181818181818, 0.6818181818181818, 0.8823529411764706, 0.8333333333333334, 0.7142857142857143, 0.7142857142857143, 0.8, 1.0, 0.8, 1.0, 0.8], [0.6, 0.8636363636363636, 0.782608695652174, 0.7142857142857143, 0.6818181818181818, 0.9047619047619048, 0.9047619047619048, 0.9047619047619048, 0.8, 1.0, 0.8, 1.0], [0.7142857142857143, 0.6818181818181818, 0.6818181818181818, 0.8823529411764706, 0.8333333333333334, 0.7142857142857143, 0.7142857142857143, 0.8, 1.0, 0.8, 1.0, 0.8], [0.6, 0.8636363636363636, 0.782608695652174, 0.7142857142857143, 0.6818181818181818, 0.9047619047619048, 0.9047619047619048, 0.9047619047619048, 0.8, 1.0, 0.8, 1.0]]\n"
          ]
        },
        {
          "output_type": "execute_result",
          "data": {
            "text/plain": [
              "          0         1         2         3         4         5         6   \\\n",
              "0   1.000000 -0.661752 -0.643928  0.582110  0.776997 -0.665780 -0.665780   \n",
              "1  -0.661752  1.000000  0.846336 -0.492853 -0.579868  0.962098  0.962098   \n",
              "2  -0.643928  0.846336  1.000000 -0.466041 -0.549755  0.738001  0.738001   \n",
              "3   0.582110 -0.492853 -0.466041  1.000000  0.932523 -0.465486 -0.465486   \n",
              "4   0.776997 -0.579868 -0.549755  0.932523  1.000000 -0.560146 -0.560146   \n",
              "5  -0.665780  0.962098  0.738001 -0.465486 -0.560146  1.000000  1.000000   \n",
              "6  -0.665780  0.962098  0.738001 -0.465486 -0.560146  1.000000  1.000000   \n",
              "7  -0.918459  0.423671  0.526132 -0.650247 -0.795759  0.457736  0.457736   \n",
              "8   0.086843 -0.681435 -0.659439  0.546104  0.400636 -0.605432 -0.605432   \n",
              "9  -0.905853  0.627156  0.425565 -0.661463 -0.801202  0.714583  0.714583   \n",
              "10  0.086843 -0.681435 -0.659439  0.546104  0.400636 -0.605432 -0.605432   \n",
              "11 -0.905853  0.627156  0.425565 -0.661463 -0.801202  0.714583  0.714583   \n",
              "\n",
              "          7         8         9         10        11  \n",
              "0  -0.918459  0.086843 -0.905853  0.086843 -0.905853  \n",
              "1   0.423671 -0.681435  0.627156 -0.681435  0.627156  \n",
              "2   0.526132 -0.659439  0.425565 -0.659439  0.425565  \n",
              "3  -0.650247  0.546104 -0.661463  0.546104 -0.661463  \n",
              "4  -0.795759  0.400636 -0.801202  0.400636 -0.801202  \n",
              "5   0.457736 -0.605432  0.714583 -0.605432  0.714583  \n",
              "6   0.457736 -0.605432  0.714583 -0.605432  0.714583  \n",
              "7   1.000000 -0.019608  0.841004 -0.019608  0.841004  \n",
              "8  -0.019608  1.000000 -0.117893  1.000000 -0.117893  \n",
              "9   0.841004 -0.117893  1.000000 -0.117893  1.000000  \n",
              "10 -0.019608  1.000000 -0.117893  1.000000 -0.117893  \n",
              "11  0.841004 -0.117893  1.000000 -0.117893  1.000000  "
            ],
            "text/html": [
              "\n",
              "  <div id=\"df-1f773d42-652e-4ad6-8868-a0fca6121681\">\n",
              "    <div class=\"colab-df-container\">\n",
              "      <div>\n",
              "<style scoped>\n",
              "    .dataframe tbody tr th:only-of-type {\n",
              "        vertical-align: middle;\n",
              "    }\n",
              "\n",
              "    .dataframe tbody tr th {\n",
              "        vertical-align: top;\n",
              "    }\n",
              "\n",
              "    .dataframe thead th {\n",
              "        text-align: right;\n",
              "    }\n",
              "</style>\n",
              "<table border=\"1\" class=\"dataframe\">\n",
              "  <thead>\n",
              "    <tr style=\"text-align: right;\">\n",
              "      <th></th>\n",
              "      <th>0</th>\n",
              "      <th>1</th>\n",
              "      <th>2</th>\n",
              "      <th>3</th>\n",
              "      <th>4</th>\n",
              "      <th>5</th>\n",
              "      <th>6</th>\n",
              "      <th>7</th>\n",
              "      <th>8</th>\n",
              "      <th>9</th>\n",
              "      <th>10</th>\n",
              "      <th>11</th>\n",
              "    </tr>\n",
              "  </thead>\n",
              "  <tbody>\n",
              "    <tr>\n",
              "      <th>0</th>\n",
              "      <td>1.000000</td>\n",
              "      <td>-0.661752</td>\n",
              "      <td>-0.643928</td>\n",
              "      <td>0.582110</td>\n",
              "      <td>0.776997</td>\n",
              "      <td>-0.665780</td>\n",
              "      <td>-0.665780</td>\n",
              "      <td>-0.918459</td>\n",
              "      <td>0.086843</td>\n",
              "      <td>-0.905853</td>\n",
              "      <td>0.086843</td>\n",
              "      <td>-0.905853</td>\n",
              "    </tr>\n",
              "    <tr>\n",
              "      <th>1</th>\n",
              "      <td>-0.661752</td>\n",
              "      <td>1.000000</td>\n",
              "      <td>0.846336</td>\n",
              "      <td>-0.492853</td>\n",
              "      <td>-0.579868</td>\n",
              "      <td>0.962098</td>\n",
              "      <td>0.962098</td>\n",
              "      <td>0.423671</td>\n",
              "      <td>-0.681435</td>\n",
              "      <td>0.627156</td>\n",
              "      <td>-0.681435</td>\n",
              "      <td>0.627156</td>\n",
              "    </tr>\n",
              "    <tr>\n",
              "      <th>2</th>\n",
              "      <td>-0.643928</td>\n",
              "      <td>0.846336</td>\n",
              "      <td>1.000000</td>\n",
              "      <td>-0.466041</td>\n",
              "      <td>-0.549755</td>\n",
              "      <td>0.738001</td>\n",
              "      <td>0.738001</td>\n",
              "      <td>0.526132</td>\n",
              "      <td>-0.659439</td>\n",
              "      <td>0.425565</td>\n",
              "      <td>-0.659439</td>\n",
              "      <td>0.425565</td>\n",
              "    </tr>\n",
              "    <tr>\n",
              "      <th>3</th>\n",
              "      <td>0.582110</td>\n",
              "      <td>-0.492853</td>\n",
              "      <td>-0.466041</td>\n",
              "      <td>1.000000</td>\n",
              "      <td>0.932523</td>\n",
              "      <td>-0.465486</td>\n",
              "      <td>-0.465486</td>\n",
              "      <td>-0.650247</td>\n",
              "      <td>0.546104</td>\n",
              "      <td>-0.661463</td>\n",
              "      <td>0.546104</td>\n",
              "      <td>-0.661463</td>\n",
              "    </tr>\n",
              "    <tr>\n",
              "      <th>4</th>\n",
              "      <td>0.776997</td>\n",
              "      <td>-0.579868</td>\n",
              "      <td>-0.549755</td>\n",
              "      <td>0.932523</td>\n",
              "      <td>1.000000</td>\n",
              "      <td>-0.560146</td>\n",
              "      <td>-0.560146</td>\n",
              "      <td>-0.795759</td>\n",
              "      <td>0.400636</td>\n",
              "      <td>-0.801202</td>\n",
              "      <td>0.400636</td>\n",
              "      <td>-0.801202</td>\n",
              "    </tr>\n",
              "    <tr>\n",
              "      <th>5</th>\n",
              "      <td>-0.665780</td>\n",
              "      <td>0.962098</td>\n",
              "      <td>0.738001</td>\n",
              "      <td>-0.465486</td>\n",
              "      <td>-0.560146</td>\n",
              "      <td>1.000000</td>\n",
              "      <td>1.000000</td>\n",
              "      <td>0.457736</td>\n",
              "      <td>-0.605432</td>\n",
              "      <td>0.714583</td>\n",
              "      <td>-0.605432</td>\n",
              "      <td>0.714583</td>\n",
              "    </tr>\n",
              "    <tr>\n",
              "      <th>6</th>\n",
              "      <td>-0.665780</td>\n",
              "      <td>0.962098</td>\n",
              "      <td>0.738001</td>\n",
              "      <td>-0.465486</td>\n",
              "      <td>-0.560146</td>\n",
              "      <td>1.000000</td>\n",
              "      <td>1.000000</td>\n",
              "      <td>0.457736</td>\n",
              "      <td>-0.605432</td>\n",
              "      <td>0.714583</td>\n",
              "      <td>-0.605432</td>\n",
              "      <td>0.714583</td>\n",
              "    </tr>\n",
              "    <tr>\n",
              "      <th>7</th>\n",
              "      <td>-0.918459</td>\n",
              "      <td>0.423671</td>\n",
              "      <td>0.526132</td>\n",
              "      <td>-0.650247</td>\n",
              "      <td>-0.795759</td>\n",
              "      <td>0.457736</td>\n",
              "      <td>0.457736</td>\n",
              "      <td>1.000000</td>\n",
              "      <td>-0.019608</td>\n",
              "      <td>0.841004</td>\n",
              "      <td>-0.019608</td>\n",
              "      <td>0.841004</td>\n",
              "    </tr>\n",
              "    <tr>\n",
              "      <th>8</th>\n",
              "      <td>0.086843</td>\n",
              "      <td>-0.681435</td>\n",
              "      <td>-0.659439</td>\n",
              "      <td>0.546104</td>\n",
              "      <td>0.400636</td>\n",
              "      <td>-0.605432</td>\n",
              "      <td>-0.605432</td>\n",
              "      <td>-0.019608</td>\n",
              "      <td>1.000000</td>\n",
              "      <td>-0.117893</td>\n",
              "      <td>1.000000</td>\n",
              "      <td>-0.117893</td>\n",
              "    </tr>\n",
              "    <tr>\n",
              "      <th>9</th>\n",
              "      <td>-0.905853</td>\n",
              "      <td>0.627156</td>\n",
              "      <td>0.425565</td>\n",
              "      <td>-0.661463</td>\n",
              "      <td>-0.801202</td>\n",
              "      <td>0.714583</td>\n",
              "      <td>0.714583</td>\n",
              "      <td>0.841004</td>\n",
              "      <td>-0.117893</td>\n",
              "      <td>1.000000</td>\n",
              "      <td>-0.117893</td>\n",
              "      <td>1.000000</td>\n",
              "    </tr>\n",
              "    <tr>\n",
              "      <th>10</th>\n",
              "      <td>0.086843</td>\n",
              "      <td>-0.681435</td>\n",
              "      <td>-0.659439</td>\n",
              "      <td>0.546104</td>\n",
              "      <td>0.400636</td>\n",
              "      <td>-0.605432</td>\n",
              "      <td>-0.605432</td>\n",
              "      <td>-0.019608</td>\n",
              "      <td>1.000000</td>\n",
              "      <td>-0.117893</td>\n",
              "      <td>1.000000</td>\n",
              "      <td>-0.117893</td>\n",
              "    </tr>\n",
              "    <tr>\n",
              "      <th>11</th>\n",
              "      <td>-0.905853</td>\n",
              "      <td>0.627156</td>\n",
              "      <td>0.425565</td>\n",
              "      <td>-0.661463</td>\n",
              "      <td>-0.801202</td>\n",
              "      <td>0.714583</td>\n",
              "      <td>0.714583</td>\n",
              "      <td>0.841004</td>\n",
              "      <td>-0.117893</td>\n",
              "      <td>1.000000</td>\n",
              "      <td>-0.117893</td>\n",
              "      <td>1.000000</td>\n",
              "    </tr>\n",
              "  </tbody>\n",
              "</table>\n",
              "</div>\n",
              "      <button class=\"colab-df-convert\" onclick=\"convertToInteractive('df-1f773d42-652e-4ad6-8868-a0fca6121681')\"\n",
              "              title=\"Convert this dataframe to an interactive table.\"\n",
              "              style=\"display:none;\">\n",
              "        \n",
              "  <svg xmlns=\"http://www.w3.org/2000/svg\" height=\"24px\"viewBox=\"0 0 24 24\"\n",
              "       width=\"24px\">\n",
              "    <path d=\"M0 0h24v24H0V0z\" fill=\"none\"/>\n",
              "    <path d=\"M18.56 5.44l.94 2.06.94-2.06 2.06-.94-2.06-.94-.94-2.06-.94 2.06-2.06.94zm-11 1L8.5 8.5l.94-2.06 2.06-.94-2.06-.94L8.5 2.5l-.94 2.06-2.06.94zm10 10l.94 2.06.94-2.06 2.06-.94-2.06-.94-.94-2.06-.94 2.06-2.06.94z\"/><path d=\"M17.41 7.96l-1.37-1.37c-.4-.4-.92-.59-1.43-.59-.52 0-1.04.2-1.43.59L10.3 9.45l-7.72 7.72c-.78.78-.78 2.05 0 2.83L4 21.41c.39.39.9.59 1.41.59.51 0 1.02-.2 1.41-.59l7.78-7.78 2.81-2.81c.8-.78.8-2.07 0-2.86zM5.41 20L4 18.59l7.72-7.72 1.47 1.35L5.41 20z\"/>\n",
              "  </svg>\n",
              "      </button>\n",
              "      \n",
              "  <style>\n",
              "    .colab-df-container {\n",
              "      display:flex;\n",
              "      flex-wrap:wrap;\n",
              "      gap: 12px;\n",
              "    }\n",
              "\n",
              "    .colab-df-convert {\n",
              "      background-color: #E8F0FE;\n",
              "      border: none;\n",
              "      border-radius: 50%;\n",
              "      cursor: pointer;\n",
